  5.0000000e+002  5.4956771e-003 -3.2505856e-001  3.3604992e-001
  5.0100000e+002  2.6332177e-003 -3.2792102e-001  3.3318746e-001
  5.0200000e+002 -7.6041689e-004 -3.3131466e-001  3.2979382e-001
  5.0300000e+002 -3.5949878e-003 -3.3414923e-001  3.2695925e-001
  5.0400000e+002 -4.6064053e-003 -3.3516064e-001  3.2594783e-001
  5.0500000e+002 -2.5769792e-003 -3.3313122e-001  3.2797726e-001
  5.0600000e+002  3.4017051e-003 -3.2715253e-001  3.3395594e-001
  5.0700000e+002  1.3671791e-002 -3.1688245e-001  3.4422603e-001
  5.0800000e+002  2.7817781e-002 -3.0273646e-001  3.5837202e-001
  5.0900000e+002  4.4599085e-002 -2.8595515e-001  3.7515332e-001
  5.1000000e+002  6.2048305e-002 -2.6850593e-001  3.9260254e-001
  5.1100000e+002  7.7746657e-002 -2.5280758e-001  4.0830090e-001
  5.1200000e+002  8.9248175e-002 -2.4130606e-001  4.1980241e-001
  5.1300000e+002  9.4583317e-002 -2.3597092e-001  4.2513756e-001
  5.1400000e+002  9.2740415e-002 -2.3781382e-001  4.2329465e-001
  5.1500000e+002  8.4010224e-002 -2.4654402e-001  4.1456446e-001
  5.1600000e+002  7.0092227e-002 -2.6046201e-001  4.0064647e-001
  5.1700000e+002  5.3903041e-002 -2.7665120e-001  3.8445728e-001
  5.1800000e+002  3.9091560e-002 -2.9146268e-001  3.6964580e-001
  5.1900000e+002  2.9338612e-002 -3.0121563e-001  3.5989285e-001
  5.2000000e+002  2.7581714e-002 -3.0297253e-001  3.5813595e-001
  5.2100000e+002  3.5338927e-002 -2.9521531e-001  3.6589317e-001
  5.2200000e+002  5.2296392e-002 -2.7825785e-001  3.8285063e-001
  5.2300000e+002  7.6270412e-002 -2.5428383e-001  4.0682465e-001
  5.2400000e+002  1.0356873e-001 -2.2698551e-001  4.3412297e-001
  5.2500000e+002  1.2967981e-001 -2.0087443e-001  4.6023405e-001
  5.2600000e+002  1.5014036e-001 -1.8041388e-001  4.8069460e-001
  5.2700000e+002  1.6139147e-001 -1.6916277e-001  4.9194571e-001
  5.2800000e+002  1.6144288e-001 -1.6911136e-001  4.9199712e-001
  5.2900000e+002  1.5021648e-001 -1.8033776e-001  4.8077072e-001
  5.3000000e+002  1.2951713e-001 -2.0103711e-001  4.6007137e-001
  5.3100000e+002  1.0265866e-001 -2.2789558e-001  4.3321290e-001
  5.3200000e+002  7.3835833e-002 -2.5671841e-001  4.0439007e-001
  5.3300000e+002  4.7369149e-002 -2.8318509e-001  3.7792339e-001
  5.3400000e+002  2.6958456e-002 -3.0359578e-001  3.5751270e-001
  5.3500000e+002  1.5068675e-002 -3.1548556e-001  3.4562291e-001
  5.3600000e+002  1.2544541e-002 -3.1800970e-001  3.4309878e-001
  5.3700000e+002  1.8515049e-002 -3.1203919e-001  3.4906929e-001
  5.3800000e+002  3.0604431e-002 -2.9994981e-001  3.6115867e-001
  5.3900000e+002  4.5416502e-002 -2.8513774e-001  3.7597074e-001
  5.4000000e+002  5.9208036e-002 -2.7134620e-001  3.8976228e-001
  5.4100000e+002  6.8624285e-002 -2.6192995e-001  3.9917852e-001
  5.4200000e+002  7.1348693e-002 -2.5920555e-001  4.0190293e-001
  5.4300000e+002  6.6529688e-002 -2.6402455e-001  3.9708393e-001
  5.4400000e+002  5.4893068e-002 -2.7566117e-001  3.8544731e-001
  5.4500000e+002  3.8520547e-002 -2.9203369e-001  3.6907479e-001
  5.4600000e+002  2.0355144e-002 -3.1019910e-001  3.5090938e-001
  5.4700000e+002  3.5594449e-003 -3.2699479e-001  3.3411368e-001
  5.4800000e+002 -9.1160876e-003 -3.3967033e-001  3.2143815e-001
  5.4900000e+002 -1.5809758e-002 -3.4636400e-001  3.1474448e-001
  5.5000000e+002 -1.5775859e-002 -3.4633010e-001  3.1477838e-001
  5.5100000e+002 -9.3406553e-003 -3.3989489e-001  3.2121358e-001
  5.5200000e+002  2.3629963e-003 -3.2819124e-001  3.3291724e-001
  5.5300000e+002  1.7782253e-002 -3.1277199e-001  3.4833649e-001
  5.5400000e+002  3.5335363e-002 -2.9521888e-001  3.6588960e-001
  5.5500000e+002  5.3708169e-002 -2.7684607e-001  3.8426241e-001
  5.5600000e+002  7.1999094e-002 -2.5855515e-001  4.0255333e-001
  5.5700000e+002  8.9706874e-002 -2.4084737e-001  4.2026111e-001
  5.5800000e+002  1.0659966e-001 -2.2395458e-001  4.3715390e-001
  5.5900000e+002  1.2253081e-001 -2.0802343e-001  4.5308505e-001
  5.6000000e+002  1.3727131e-001 -1.9328293e-001  4.6782555e-001
  5.6100000e+002  1.5041430e-001 -1.8013994e-001  4.8096854e-001
  5.6200000e+002  1.6137982e-001 -1.6917442e-001  4.9193406e-001
  5.6300000e+002  1.6951699e-001 -1.6103725e-001  5.0007123e-001
  5.6400000e+002  1.7427332e-001 -1.5628092e-001  5.0482756e-001
  5.6500000e+002  1.7538253e-001 -1.5517171e-001  5.0593677e-001
  5.6600000e+002  1.7301645e-001 -1.5753779e-001  5.0357069e-001
  5.6700000e+002  1.6785296e-001 -1.6270128e-001  4.9840720e-001
  5.6800000e+002  1.6103042e-001 -1.6952382e-001  4.9158466e-001
  5.6900000e+002  1.5398552e-001 -1.7656872e-001  4.8453976e-001
  5.7000000e+002  1.4820101e-001 -1.8235323e-001  4.7875525e-001
  5.7100000e+002  1.4491604e-001 -1.8563820e-001  4.7547028e-001
  5.7200000e+002  1.4486740e-001 -1.8568684e-001  4.7542164e-001
  5.7300000e+002  1.4812914e-001 -1.8242510e-001  4.7868338e-001
  5.7400000e+002  1.5409866e-001 -1.7645558e-001  4.8465290e-001
  5.7500000e+002  1.6164266e-001 -1.6891158e-001  4.9219690e-001
  5.7600000e+002  1.6937417e-001 -1.6118007e-001  4.9992841e-001
  5.7700000e+002  1.7599503e-001 -1.5455921e-001  5.0654927e-001
  5.7800000e+002  1.8061718e-001 -1.4993706e-001  5.1117142e-001
  5.7900000e+002  1.8297989e-001 -1.4757435e-001  5.1353413e-001
  5.8000000e+002  1.8350680e-001 -1.4704744e-001  5.1406104e-001
  5.8100000e+002  1.8318998e-001 -1.4736426e-001  5.1374422e-001
  5.8200000e+002  1.8333394e-001 -1.4722030e-001  5.1388818e-001
  5.8300000e+002  1.8522712e-001 -1.4532712e-001  5.1578136e-001
  5.8400000e+002  1.8982260e-001 -1.4073164e-001  5.2037684e-001
  5.8500000e+002  1.9750099e-001 -1.3305325e-001  5.2805523e-001
  5.8600000e+002  2.0796275e-001 -1.2259149e-001  5.3851699e-001
  5.8700000e+002  2.2026377e-001 -1.1029047e-001  5.5081801e-001
  5.8800000e+002  2.3297681e-001 -9.7577429e-002  5.6353105e-001
  5.8900000e+002  2.4444059e-001 -8.6113649e-002  5.7499483e-001
  5.9000000e+002  2.5304703e-001 -7.7507209e-002  5.8360127e-001
  5.9100000e+002  2.5751716e-001 -7.3037079e-002  5.8807140e-001
  5.9200000e+002  2.5712089e-001 -7.3433349e-002  5.8767513e-001
  5.9300000e+002  2.5180536e-001 -7.8748879e-002  5.8235960e-001
  5.9400000e+002  2.4220918e-001 -8.8345059e-002  5.7276342e-001
  5.9500000e+002  2.2955620e-001 -1.0099804e-001  5.6011044e-001
  5.9600000e+002  2.1544219e-001 -1.1511205e-001  5.4599643e-001
  5.9700000e+002  2.0154842e-001 -1.2900582e-001  5.3210266e-001
  5.9800000e+002  1.8933307e-001 -1.4122117e-001  5.1988731e-001
  5.9900000e+002  1.7975978e-001 -1.5079446e-001  5.1031402e-001
  6.0000000e+002  1.7311824e-001 -1.5743600e-001  5.0367248e-001
  6.0100000e+002  1.6897522e-001 -1.6157902e-001  4.9952946e-001
  6.0200000e+002  1.6626882e-001 -1.6428542e-001  4.9682306e-001
  6.0300000e+002  1.6352916e-001 -1.6702508e-001  4.9408340e-001
  6.0400000e+002  1.5918342e-001 -1.7137082e-001  4.8973766e-001
  6.0500000e+002  1.5188543e-001 -1.7866881e-001  4.8243967e-001
  6.0600000e+002  1.4080395e-001 -1.8975029e-001  4.7135819e-001
  6.0700000e+002  1.2581032e-001 -2.0474392e-001  4.5636456e-001
  6.0800000e+002  1.0752365e-001 -2.2303059e-001  4.3807789e-001
  6.0900000e+002  8.7198755e-002 -2.4335548e-001  4.1775299e-001
  6.1000000e+002  6.6474279e-002 -2.6407996e-001  3.9702852e-001
  6.1100000e+002  4.7030547e-002 -2.8352369e-001  3.7758479e-001
  6.1200000e+002  3.0231624e-002 -3.0032262e-001  3.6078586e-001
  6.1300000e+002  1.6836460e-002 -3.1371778e-001  3.4739070e-001
  6.1400000e+002  6.8544995e-003 -3.2369974e-001  3.3740874e-001
  6.1500000e+002 -4.0924910e-004 -3.3096349e-001  3.3014499e-001
  6.1600000e+002 -6.1209547e-003 -3.3667519e-001  3.2443328e-001
  6.1700000e+002 -1.1549006e-002 -3.4210325e-001  3.1900523e-001
  6.1800000e+002 -1.7653728e-002 -3.4820797e-001  3.1290051e-001
  6.1900000e+002 -2.4749196e-002 -3.5530344e-001  3.0580504e-001
  6.2000000e+002 -3.2338512e-002 -3.6289275e-001  2.9821573e-001
  6.2100000e+002 -3.9181426e-002 -3.6973567e-001  2.9137281e-001
  6.2200000e+002 -4.3590207e-002 -3.7414445e-001  2.8696403e-001
  6.2300000e+002 -4.3883752e-002 -3.7443799e-001  2.8667049e-001
  6.2400000e+002 -3.8880529e-002 -3.6943477e-001  2.9167371e-001
  6.2500000e+002 -2.8294137e-002 -3.5884838e-001  3.0226010e-001
  6.2600000e+002 -1.2917660e-002 -3.4347190e-001  3.1763658e-001
  6.2700000e+002  5.4605602e-003 -3.2509368e-001  3.3601480e-001
  6.2800000e+002  2.4392475e-002 -3.0616176e-001  3.5494671e-001
  6.2900000e+002  4.1269813e-002 -2.8928443e-001  3.7182405e-001
  6.3000000e+002  5.3855587e-002 -2.7669865e-001  3.8440983e-001
  6.3100000e+002  6.0710767e-002 -2.6984347e-001  3.9126501e-001
  6.3200000e+002  6.1414650e-002 -2.6913959e-001  3.9196889e-001
  6.3300000e+002  5.6540882e-002 -2.7401336e-001  3.8709512e-001
  6.3400000e+002  4.7421445e-002 -2.8313279e-001  3.7797568e-001
  6.3500000e+002  3.5785171e-002 -2.9476907e-001  3.6633941e-001
  6.3600000e+002  2.3379603e-002 -3.0717464e-001  3.5393384e-001
  6.3700000e+002  1.1670988e-002 -3.1888325e-001  3.4222523e-001
  6.3800000e+002  1.6761014e-003 -3.2887814e-001  3.3223034e-001
  6.3900000e+002 -6.0707285e-003 -3.3662497e-001  3.2448351e-001
  6.4000000e+002 -1.1452330e-002 -3.4200657e-001  3.1910191e-001
  6.4100000e+002 -1.4659099e-002 -3.4521334e-001  3.1589514e-001
  6.4200000e+002 -1.6080928e-002 -3.4663517e-001  3.1447331e-001
  6.4300000e+002 -1.6221579e-002 -3.4677582e-001  3.1433266e-001
  6.4400000e+002 -1.5629893e-002 -3.4618413e-001  3.1492435e-001
  6.4500000e+002 -1.4827955e-002 -3.4538219e-001  3.1572628e-001
  6.4600000e+002 -1.4221114e-002 -3.4477535e-001  3.1633313e-001
  6.4700000e+002 -1.3995407e-002 -3.4454965e-001  3.1655883e-001
  6.4800000e+002 -1.4032468e-002 -3.4458671e-001  3.1652177e-001
  6.4900000e+002 -1.3885927e-002 -3.4444017e-001  3.1666831e-001
  6.5000000e+002 -1.2855828e-002 -3.4341007e-001  3.1769841e-001
  6.5100000e+002 -1.0167627e-002 -3.4072187e-001  3.2038661e-001
  6.5200000e+002 -5.2194676e-003 -3.3577371e-001  3.2533477e-001
  6.5300000e+002  2.1768299e-003 -3.2837741e-001  3.3273107e-001
  6.5400000e+002  1.1651363e-002 -3.1890288e-001  3.4220560e-001
  6.5500000e+002  2.2300308e-002 -3.0825393e-001  3.5285455e-001
  6.5600000e+002  3.2899933e-002 -2.9765431e-001  3.6345417e-001
  6.5700000e+002  4.2263394e-002 -2.8829085e-001  3.7281763e-001
  6.5800000e+002  4.9631740e-002 -2.8092250e-001  3.8018598e-001
  6.5900000e+002  5.4960853e-002 -2.7559339e-001  3.8551509e-001
  6.6000000e+002  5.8984303e-002 -2.7156994e-001  3.8953854e-001
  6.6100000e+002  6.2998163e-002 -2.6755608e-001  3.9355240e-001
  6.6200000e+002  6.8409196e-002 -2.6214504e-001  3.9896344e-001
  6.6300000e+002  7.6180616e-002 -2.5437362e-001  4.0673486e-001
  6.6400000e+002  8.6365215e-002 -2.4418902e-001  4.1691945e-001
  6.6500000e+002  9.7908647e-002 -2.3264559e-001  4.2846289e-001
  6.6600000e+002  1.0883139e-001 -2.2172285e-001  4.3938563e-001
  6.6700000e+002  1.1677529e-001 -2.1377895e-001  4.4732953e-001
  6.6800000e+002  1.1976849e-001 -2.1078575e-001  4.5032273e-001
  6.6900000e+002  1.1696781e-001 -2.1358643e-001  4.4752205e-001
  6.7000000e+002  1.0911728e-001 -2.2143696e-001  4.3967152e-001
  6.7100000e+002  9.8531995e-002 -2.3202224e-001  4.2908623e-001
  6.7200000e+002  8.8559973e-002 -2.4199427e-001  4.1911421e-001
  6.7300000e+002  8.2649335e-002 -2.4790490e-001  4.1320357e-001
  6.7400000e+002  8.3293486e-002 -2.4726075e-001  4.1384773e-001
  6.7500000e+002  9.1191101e-002 -2.3936314e-001  4.2174534e-001
  6.7600000e+002  1.0491101e-001 -2.2564323e-001  4.3546525e-001
  6.7700000e+002  1.2120343e-001 -2.0935081e-001  4.5175767e-001
  6.7800000e+002  1.3589331e-001 -1.9466093e-001  4.6644755e-001
  6.7900000e+002  1.4509707e-001 -1.8545717e-001  4.7565131e-001
  6.8000000e+002  1.4638692e-001 -1.8416732e-001  4.7694116e-001
  6.8100000e+002  1.3953184e-001 -1.9102240e-001  4.7008608e-001
  6.8200000e+002  1.2657171e-001 -2.0398253e-001  4.5712595e-001
  6.8300000e+002  1.1119156e-001 -2.1936268e-001  4.4174580e-001
  6.8400000e+002  9.7586892e-002 -2.3296735e-001  4.2814113e-001
  6.8500000e+002  8.9174056e-002 -2.4138018e-001  4.1972830e-001
  6.8600000e+002  8.7546967e-002 -2.4300727e-001  4.1810121e-001
  6.8700000e+002  9.2000324e-002 -2.3855392e-001  4.2255456e-001
  6.8800000e+002  9.9756953e-002 -2.3079729e-001  4.3031119e-001
  6.8900000e+002  1.0681596e-001 -2.2373828e-001  4.3737020e-001
  6.9000000e+002  1.0915090e-001 -2.2140334e-001  4.3970514e-001
  6.9100000e+002  1.0389162e-001 -2.2666262e-001  4.3444586e-001
  6.9200000e+002  9.0145291e-002 -2.4040895e-001  4.2069953e-001
  6.9300000e+002  6.9236933e-002 -2.6131731e-001  3.9979117e-001
  6.9400000e+002  4.4331914e-002 -2.8622233e-001  3.7488615e-001
  6.9500000e+002  1.9580856e-002 -3.1097338e-001  3.5013510e-001
  6.9600000e+002 -9.5120810e-004 -3.3150545e-001  3.2960303e-001
  6.9700000e+002 -1.4275077e-002 -3.4482932e-001  3.1627916e-001
  6.9800000e+002 -1.9141618e-002 -3.4969586e-001  3.1141262e-001
  6.9900000e+002 -1.6244346e-002 -3.4679859e-001  3.1430989e-001
  7.0000000e+002 -7.9535685e-003 -3.3850781e-001  3.2260067e-001
  7.0100000e+002  2.3141572e-003 -3.2824008e-001  3.3286840e-001
  7.0200000e+002  1.0919165e-002 -3.1963507e-001  3.4147340e-001
  7.0300000e+002  1.4822878e-002 -3.1573136e-001  3.4537712e-001
  7.0400000e+002  1.2243358e-002 -3.1831088e-001  3.4279760e-001
  7.0500000e+002  3.0214121e-003 -3.2753283e-001  3.3357565e-001
  7.0600000e+002 -1.1361766e-002 -3.4191601e-001  3.1919247e-001
  7.0700000e+002 -2.8109932e-002 -3.5866417e-001  3.0244431e-001
  7.0800000e+002 -4.3713988e-002 -3.7426823e-001  2.8684025e-001
  7.0900000e+002 -5.4713558e-002 -3.8526780e-001  2.7584068e-001
  7.1000000e+002 -5.8465403e-002 -3.8901964e-001  2.7208884e-001
  7.1100000e+002 -5.3755591e-002 -3.8430983e-001  2.7679865e-001
  7.1200000e+002 -4.1113768e-002 -3.7166801e-001  2.8944047e-001
  7.1300000e+002 -2.2743023e-002 -3.5329726e-001  3.0781122e-001
  7.1400000e+002 -2.0609394e-003 -3.3261518e-001  3.2849330e-001
  7.1500000e+002  1.7059932e-002 -3.1349431e-001  3.4761417e-001
  7.1600000e+002  3.1183696e-002 -2.9937054e-001  3.6173794e-001
  7.1700000e+002  3.8121822e-002 -2.9243242e-001  3.6867606e-001
  7.1800000e+002  3.7457595e-002 -2.9309664e-001  3.6801183e-001
  7.1900000e+002  3.0642076e-002 -2.9991216e-001  3.6119632e-001
  7.2000000e+002  2.0625374e-002 -3.0992887e-001  3.5117961e-001
  7.2100000e+002  1.1109287e-002 -3.1944495e-001  3.4166353e-001
  7.2200000e+002  5.6120552e-003 -3.2494218e-001  3.3616629e-001
  7.2300000e+002  6.5914255e-003 -3.2396281e-001  3.3714566e-001
  7.2400000e+002  1.4859540e-002 -3.1569470e-001  3.4541378e-001
  7.2500000e+002  2.9442726e-002 -3.0111151e-001  3.5999697e-001
  7.2600000e+002  4.7912713e-002 -2.8264153e-001  3.7846695e-001
  7.2700000e+002  6.7080105e-002 -2.6347413e-001  3.9763434e-001
  7.2800000e+002  8.3837765e-002 -2.4671647e-001  4.1439200e-001
  7.2900000e+002  9.5903776e-002 -2.3465046e-001  4.2645802e-001
  7.3000000e+002  1.0225338e-001 -2.2830086e-001  4.3280762e-001
  7.3100000e+002  1.0313440e-001 -2.2741984e-001  4.3368864e-001
  7.3200000e+002  9.9696723e-002 -2.3085752e-001  4.3025096e-001
  7.3300000e+002  9.3388936e-002 -2.3716530e-001  4.2394318e-001
  7.3400000e+002  8.5343869e-002 -2.4521037e-001  4.1589811e-001
  7.3500000e+002  7.5967460e-002 -2.5458678e-001  4.0652170e-001
  7.3600000e+002  6.4866480e-002 -2.6568776e-001  3.9542072e-001
  7.3700000e+002  5.1128232e-002 -2.7942601e-001  3.8168247e-001
  7.3800000e+002  3.3842143e-002 -2.9671210e-001  3.6439638e-001
  7.3900000e+002  1.2671113e-002 -3.1788313e-001  3.4322535e-001
  7.4000000e+002 -1.1734198e-002 -3.4228844e-001  3.1882004e-001
  7.4100000e+002 -3.7629521e-002 -3.6818376e-001  2.9292472e-001
  7.4200000e+002 -6.2427003e-002 -3.9298124e-001  2.6812724e-001
  7.4300000e+002 -8.3232546e-002 -4.1378679e-001  2.4732169e-001
  7.4400000e+002 -9.7512574e-002 -4.2806681e-001  2.3304167e-001
  7.4500000e+002 -1.0369652e-001 -4.3425076e-001  2.2685772e-001
  7.4600000e+002 -1.0154678e-001 -4.3210102e-001  2.2900746e-001
  7.4700000e+002 -9.2201351e-002 -4.2275559e-001  2.3835289e-001
  7.4800000e+002 -7.7889460e-002 -4.0844370e-001  2.5266478e-001
  7.4900000e+002 -6.1406690e-002 -3.9196093e-001  2.6914755e-001
  7.5000000e+002 -4.5490378e-002 -3.7604462e-001  2.8506386e-001
  7.5100000e+002 -3.2248113e-002 -3.6280235e-001  2.9830613e-001
  7.5200000e+002 -2.2765527e-002 -3.5331977e-001  3.0778871e-001
  7.5300000e+002 -1.6967371e-002 -3.4752161e-001  3.1358687e-001
  7.5400000e+002 -1.3744490e-002 -3.4429873e-001  3.1680975e-001
  7.5500000e+002 -1.1302779e-002 -3.4185702e-001  3.1925146e-001
  7.5600000e+002 -7.6479823e-003 -3.3820222e-001  3.2290626e-001
  7.5700000e+002 -1.0967431e-003 -3.3165098e-001  3.2945750e-001
  7.5800000e+002  9.2981844e-003 -3.2125605e-001  3.3985242e-001
  7.5900000e+002  2.3502112e-002 -3.0705213e-001  3.5405635e-001
  7.6000000e+002  4.0487337e-002 -2.9006690e-001  3.7104158e-001
  7.6100000e+002  5.8459487e-002 -2.7209475e-001  3.8901373e-001
  7.6200000e+002  7.5266742e-002 -2.5528750e-001  4.0582098e-001
  7.6300000e+002  8.8889856e-002 -2.4166438e-001  4.1944410e-001
  7.6400000e+002  9.7887691e-002 -2.3266655e-001  4.2844193e-001
  7.6500000e+002  1.0168413e-001 -2.2887011e-001  4.3223837e-001
  7.6600000e+002  1.0062725e-001 -2.2992699e-001  4.3118149e-001
  7.6700000e+002  9.5818740e-002 -2.3473550e-001  4.2637298e-001
  7.6800000e+002  8.8779180e-002 -2.4177506e-001  4.1933342e-001
  7.6900000e+002  8.1060717e-002 -2.4949352e-001  4.1161496e-001
  7.7000000e+002  7.3926009e-002 -2.5662823e-001  4.0448025e-001
  7.7100000e+002  6.8179860e-002 -2.6237438e-001  3.9873410e-001
  7.7200000e+002  6.4179346e-002 -2.6637489e-001  3.9473359e-001
  7.7300000e+002  6.1982949e-002 -2.6857129e-001  3.9253719e-001
  7.7400000e+002  6.1553251e-002 -2.6900099e-001  3.9210749e-001
  7.7500000e+002  6.2917323e-002 -2.6763692e-001  3.9347156e-001
  7.7600000e+002  6.6216039e-002 -2.6433820e-001  3.9677028e-001
  7.7700000e+002  7.1625681e-002 -2.5892856e-001  4.0217992e-001
  7.7800000e+002  7.9191121e-002 -2.5136312e-001  4.0974536e-001
  7.7900000e+002  8.8647793e-002 -2.4190645e-001  4.1920203e-001
  7.8000000e+002  9.9316288e-002 -2.3123795e-001  4.2987053e-001
  7.8100000e+002  1.1012738e-001 -2.2042686e-001  4.4068162e-001
  7.8200000e+002  1.1978787e-001 -2.1076637e-001  4.5034211e-001
  7.8300000e+002  1.2704644e-001 -2.0350780e-001  4.5760068e-001
  7.8400000e+002  1.3098190e-001 -1.9957234e-001  4.6153614e-001
  7.8500000e+002  1.3122552e-001 -1.9932872e-001  4.6177976e-001
  7.8600000e+002  1.2804720e-001 -2.0250704e-001  4.5860144e-001
  7.8700000e+002  1.2227547e-001 -2.0827877e-001  4.5282971e-001
  7.8800000e+002  1.1507103e-001 -2.1548321e-001  4.4562527e-001
  7.8900000e+002  1.0761763e-001 -2.2293661e-001  4.3817187e-001
  7.9000000e+002  1.0082016e-001 -2.2973408e-001  4.3137440e-001
  7.9100000e+002  9.5099053e-002 -2.3545519e-001  4.2565329e-001
  7.9200000e+002  9.0343167e-002 -2.4021107e-001  4.2089741e-001
  7.9300000e+002  8.6036017e-002 -2.4451822e-001  4.1659026e-001
  7.9400000e+002  8.1516113e-002 -2.4903813e-001  4.1207035e-001
  7.9500000e+002  7.6287727e-002 -2.5426651e-001  4.0684197e-001
  7.9600000e+002  7.0278157e-002 -2.6027608e-001  4.0083240e-001
  7.9700000e+002  6.3950184e-002 -2.6660406e-001  3.9450442e-001
  7.9800000e+002  5.8222165e-002 -2.7233207e-001  3.8877640e-001
  7.9900000e+002  5.4210486e-002 -2.7634375e-001  3.8476473e-001
  8.0000000e+002  5.2870032e-002 -2.7768421e-001  3.8342427e-001
  8.0100000e+002  5.4646679e-002 -2.7590756e-001  3.8520092e-001
  8.0200000e+002  5.9257332e-002 -2.7129691e-001  3.8981157e-001
  8.0300000e+002  6.5675646e-002 -2.6487859e-001  3.9622989e-001
  8.0400000e+002  7.2337174e-002 -2.5821707e-001  4.0289141e-001
  8.0500000e+002  7.7507999e-002 -2.5304624e-001  4.0806224e-001
  8.0600000e+002  7.9709773e-002 -2.5084447e-001  4.1026401e-001
  8.0700000e+002  7.8078594e-002 -2.5247565e-001  4.0863283e-001
  8.0800000e+002  7.2559456e-002 -2.5799478e-001  4.0311370e-001
  8.0900000e+002  6.3892321e-002 -2.6666192e-001  3.9444656e-001
  8.1000000e+002  5.3410262e-002 -2.7714398e-001  3.8396450e-001
  8.1100000e+002  4.2722412e-002 -2.8783183e-001  3.7327665e-001
  8.1200000e+002  3.3378497e-002 -2.9717574e-001  3.6393274e-001
  8.1300000e+002  2.6602147e-002 -3.0395209e-001  3.5715639e-001
  8.1400000e+002  2.3144248e-002 -3.0740999e-001  3.5369849e-001
  8.1500000e+002  2.3260829e-002 -3.0729341e-001  3.5381507e-001
  8.1600000e+002  2.6780351e-002 -3.0377389e-001  3.5733459e-001
  8.1700000e+002  3.3206318e-002 -2.9734792e-001  3.6376056e-001
  8.1800000e+002  4.1807334e-002 -2.8874691e-001  3.7236157e-001
  8.1900000e+002  5.1672664e-002 -2.7888158e-001  3.8222690e-001
  8.2000000e+002  6.1743875e-002 -2.6881036e-001  3.9229811e-001
  8.2100000e+002  7.0857125e-002 -2.5969711e-001  4.0141136e-001
  8.2200000e+002  7.7834540e-002 -2.5271970e-001  4.0838878e-001
  8.2300000e+002  8.1643855e-002 -2.4891038e-001  4.1219809e-001
  8.2400000e+002  8.1609754e-002 -2.4894449e-001  4.1216399e-001
  8.2500000e+002  7.7622657e-002 -2.5293158e-001  4.0817690e-001
  8.2600000e+002  7.0267883e-002 -2.6028636e-001  4.0082212e-001
  8.2700000e+002  6.0802872e-002 -2.6975137e-001  3.9135711e-001
  8.2800000e+002  5.0945818e-002 -2.7960842e-001  3.8150006e-001
  8.2900000e+002  4.2497210e-002 -2.8805703e-001  3.7305145e-001
  8.3000000e+002  3.6878391e-002 -2.9367585e-001  3.6743263e-001
  8.3100000e+002  3.4716170e-002 -2.9583807e-001  3.6527041e-001
  8.3200000e+002  3.5611001e-002 -2.9494324e-001  3.6616524e-001
  8.3300000e+002  3.8189754e-002 -2.9236449e-001  3.6874399e-001
  8.3400000e+002  4.0468274e-002 -2.9008597e-001  3.7102251e-001
  8.3500000e+002  4.0453344e-002 -2.9010090e-001  3.7100758e-001
  8.3600000e+002  3.6826974e-002 -2.9372727e-001  3.6738121e-001
  8.3700000e+002  2.9507374e-002 -3.0104687e-001  3.6006161e-001
  8.3800000e+002  1.9891520e-002 -3.1066272e-001  3.5044576e-001
  8.3900000e+002  1.0658235e-002 -3.1989600e-001  3.4121247e-001
  8.4000000e+002  5.1331720e-003 -3.2542107e-001  3.3568741e-001
  8.4100000e+002  6.3551305e-003 -3.2419911e-001  3.3690937e-001
  8.4200000e+002  1.6095012e-002 -3.1445923e-001  3.4664925e-001
  8.4300000e+002  3.4125119e-002 -2.9642912e-001  3.6467936e-001
  8.4400000e+002  5.7994374e-002 -2.7255987e-001  3.8854861e-001
  8.4500000e+002  8.3436894e-002 -2.4711735e-001  4.1399113e-001
  8.4600000e+002  1.0535821e-001 -2.2519603e-001  4.3591245e-001
  8.4700000e+002  1.1915837e-001 -2.1139587e-001  4.4971261e-001
  8.4800000e+002  1.2202441e-001 -2.0852983e-001  4.5257865e-001
  8.4900000e+002  1.1380358e-001 -2.1675066e-001  4.4435782e-001
  8.5000000e+002  9.7170312e-002 -2.3338393e-001  4.2772455e-001
  8.5100000e+002  7.7000577e-002 -2.5355366e-001  4.0755482e-001
  8.5200000e+002  5.9107549e-002 -2.7144669e-001  3.8966179e-001
  8.5300000e+002  4.8694899e-002 -2.8185934e-001  3.7924914e-001
  8.5400000e+002  4.8978201e-002 -2.8157604e-001  3.7953244e-001
  8.5500000e+002  6.0376148e-002 -2.7017809e-001  3.9093039e-001
  8.5600000e+002  8.0494473e-002 -2.5005977e-001  4.1104871e-001
  8.5700000e+002  1.0487658e-001 -2.2567766e-001  4.3543082e-001
  8.5800000e+002  1.2826119e-001 -2.0229305e-001  4.5881543e-001
  8.5900000e+002  1.4594840e-001 -1.8460584e-001  4.7650264e-001
  8.6000000e+002  1.5487530e-001 -1.7567894e-001  4.8542954e-001
  8.6100000e+002  1.5413306e-001 -1.7642118e-001  4.8468730e-001
  8.6200000e+002  1.4486434e-001 -1.8568990e-001  4.7541858e-001
  8.6300000e+002  1.2968191e-001 -2.0087233e-001  4.6023615e-001
  8.6400000e+002  1.1187522e-001 -2.1867902e-001  4.4242946e-001
  8.6500000e+002  9.4682537e-002 -2.3587170e-001  4.2523678e-001
  8.6600000e+002  8.0813749e-002 -2.4974049e-001  4.1136799e-001
  8.6700000e+002  7.2263068e-002 -2.5829117e-001  4.0281731e-001
  8.6800000e+002  7.0320192e-002 -2.6023405e-001  4.0087443e-001
  8.6900000e+002  7.5626897e-002 -2.5492734e-001  4.0618114e-001
  8.7000000e+002  8.8154152e-002 -2.4240009e-001  4.1870839e-001
  8.7100000e+002  1.0707009e-001 -2.2348415e-001  4.3762433e-001
  8.7200000e+002  1.3058016e-001 -1.9997408e-001  4.6113440e-001
  8.7300000e+002  1.5588972e-001 -1.7466452e-001  4.8644396e-001
  8.7400000e+002  1.7942891e-001 -1.5112533e-001  5.0998315e-001
  8.7500000e+002  1.9738950e-001 -1.3316474e-001  5.2794374e-001
  8.7600000e+002  2.0648903e-001 -1.2406521e-001  5.3704327e-001
  8.7700000e+002  2.0475838e-001 -1.2579586e-001  5.3531262e-001
  8.7800000e+002  1.9209710e-001 -1.3845714e-001  5.2265134e-001
  8.7900000e+002  1.7038707e-001 -1.6016717e-001  5.0094131e-001
  8.8000000e+002  1.4308536e-001 -1.8746888e-001  4.7363960e-001
  8.8100000e+002  1.1438881e-001 -2.1616543e-001  4.4494305e-001
  8.8200000e+002  8.8209313e-002 -2.4234493e-001  4.1876355e-001
  8.8300000e+002  6.7267577e-002 -2.6328666e-001  3.9782182e-001
  8.8400000e+002  5.2576005e-002 -2.7797823e-001  3.8313024e-001
  8.8500000e+002  4.3451774e-002 -2.8710247e-001  3.7400601e-001
  8.8600000e+002  3.8026048e-002 -2.9252819e-001  3.6858029e-001
  8.8700000e+002  3.4056381e-002 -2.9649786e-001  3.6461062e-001
  8.8800000e+002  2.9761646e-002 -3.0079259e-001  3.6031589e-001
  8.8900000e+002  2.4409330e-002 -3.0614491e-001  3.5496357e-001
  8.9000000e+002  1.8484953e-002 -3.1206929e-001  3.4903919e-001
  8.9100000e+002  1.3422921e-002 -3.1713132e-001  3.4397716e-001
  8.9200000e+002  1.1022879e-002 -3.1953136e-001  3.4157712e-001
  8.9300000e+002  1.2767083e-002 -3.1778716e-001  3.4332132e-001
  8.9400000e+002  1.9266442e-002 -3.1128780e-001  3.4982068e-001
  8.9500000e+002  2.9999771e-002 -3.0055447e-001  3.6055401e-001
  8.9600000e+002  4.3401786e-002 -2.8715245e-001  3.7395603e-001
  8.9700000e+002  5.7242234e-002 -2.7331201e-001  3.8779647e-001
  8.9800000e+002  6.9158824e-002 -2.6139542e-001  3.9971306e-001
  8.9900000e+002  7.7181500e-002 -2.5337274e-001  4.0773574e-001
  9.0000000e+002  2.6999496e-002 -2.4119373e-001  2.9519272e-001
  9.0100000e+002  2.8391647e-002 -2.3980158e-001  2.9658487e-001
  9.0200000e+002  3.0986829e-002 -2.3720640e-001  2.9918006e-001
  9.0300000e+002  3.5137118e-002 -2.3305611e-001  3.0333034e-001
  9.0400000e+002  4.0079731e-002 -2.2811350e-001  3.0827296e-001
  9.0500000e+002  4.4210586e-002 -2.2398264e-001  3.1240381e-001
  9.0600000e+002  4.5786932e-002 -2.2240629e-001  3.1398016e-001
  9.0700000e+002  4.3808988e-002 -2.2438424e-001  3.1200221e-001
  9.0800000e+002  3.8728128e-002 -2.2946510e-001  3.0692135e-001
  9.0900000e+002  3.2656399e-002 -2.3553683e-001  3.0084963e-001
  9.1000000e+002  2.8911220e-002 -2.3928201e-001  2.9710445e-001
  9.1100000e+002  3.0972003e-002 -2.3722122e-001  2.9916523e-001
  9.1200000e+002  4.1167481e-002 -2.2702575e-001  3.0936071e-001
  9.1300000e+002  5.9560112e-002 -2.0863311e-001  3.2775334e-001
  9.1400000e+002  8.3480201e-002 -1.8471303e-001  3.5167343e-001
  9.1500000e+002  1.0797411e-001 -1.6021912e-001  3.7616734e-001
  9.1600000e+002  1.2712116e-001 -1.4107207e-001  3.9531439e-001
  9.1700000e+002  1.3584661e-001 -1.3234662e-001  4.0403984e-001
  9.1800000e+002  1.3163656e-001 -1.3655667e-001  3.9982979e-001
  9.1900000e+002  1.1553786e-001 -1.5265537e-001  3.8373109e-001
  9.2000000e+002  9.2029820e-002 -1.7616341e-001  3.6022305e-001
  9.2100000e+002  6.7726943e-002 -2.0046628e-001  3.3592017e-001
  9.2200000e+002  4.9287900e-002 -2.1890533e-001  3.1748113e-001
  9.2300000e+002  4.1212568e-002 -2.2698066e-001  3.0940579e-001
  9.2400000e+002  4.4286993e-002 -2.2390623e-001  3.1248022e-001
  9.2500000e+002  5.5243080e-002 -2.1295015e-001  3.2343631e-001
  9.2600000e+002  6.7794485e-002 -2.0039874e-001  3.3598771e-001
  9.2700000e+002  7.4732283e-002 -1.9346094e-001  3.4292551e-001
  9.2800000e+002  7.0385286e-002 -1.9780794e-001  3.3857851e-001
  9.2900000e+002  5.2610023e-002 -2.1558320e-001  3.2080325e-001
  9.3000000e+002  2.3628209e-002 -2.4456502e-001  2.9182144e-001
  9.3100000e+002 -1.0577582e-002 -2.7877081e-001  2.5761564e-001
  9.3200000e+002 -4.2106488e-002 -3.1029971e-001  2.2608674e-001
  9.3300000e+002 -6.3598885e-002 -3.3179211e-001  2.0459434e-001
  9.3400000e+002 -7.0494313e-002 -3.3868754e-001  1.9769891e-001
  9.3500000e+002 -6.2355536e-002 -3.3054876e-001  2.0583769e-001
  9.3600000e+002 -4.2857379e-002 -3.1105061e-001  2.2533585e-001
  9.3700000e+002 -1.8491628e-002 -2.8668485e-001  2.4970160e-001
  9.3800000e+002  3.5457334e-003 -2.6464749e-001  2.7173896e-001
  9.3900000e+002  1.7578440e-002 -2.5061479e-001  2.8577167e-001
  9.4000000e+002  2.1082703e-002 -2.4711052e-001  2.8927593e-001
  9.4100000e+002  1.5256956e-002 -2.5293627e-001  2.8345018e-001
  9.4200000e+002  4.4217623e-003 -2.6377146e-001  2.7261499e-001
  9.4300000e+002 -5.4861623e-003 -2.7367939e-001  2.6270706e-001
  9.4400000e+002 -8.8044719e-003 -2.7699770e-001  2.5938875e-001
  9.4500000e+002 -1.8259183e-003 -2.7001914e-001  2.6636731e-001
  9.4600000e+002  1.6208978e-002 -2.5198425e-001  2.8440220e-001
  9.4700000e+002  4.3036381e-002 -2.2515685e-001  3.1122961e-001
  9.4800000e+002  7.4148953e-002 -1.9404427e-001  3.4234218e-001
  9.4900000e+002  1.0413024e-001 -1.6406299e-001  3.7232347e-001
  9.5000000e+002  1.2812088e-001 -1.4007235e-001  3.9631411e-001
  9.5100000e+002  1.4300958e-001 -1.2518365e-001  4.1120281e-001
  9.5200000e+002  1.4807064e-001 -1.2012259e-001  4.1626387e-001
  9.5300000e+002  1.4495641e-001 -1.2323682e-001  4.1314964e-001
  9.5400000e+002  1.3713402e-001 -1.3105921e-001  4.0532725e-001
  9.5500000e+002  1.2897933e-001 -1.3921390e-001  3.9717256e-001
  9.5600000e+002  1.2478422e-001 -1.4340901e-001  3.9297745e-001
  9.5700000e+002  1.2790054e-001 -1.4029269e-001  3.9609377e-001
  9.5800000e+002  1.4016558e-001 -1.2802765e-001  4.0835881e-001
  9.5900000e+002  1.6166383e-001 -1.0652940e-001  4.2985706e-001
  9.6000000e+002  1.9081007e-001 -7.7383156e-002  4.5900330e-001
  9.6100000e+002  2.2469931e-001 -4.3493916e-002  4.9289254e-001
  9.6200000e+002  2.5965497e-001 -8.5382561e-003  5.2784820e-001
  9.6300000e+002  2.9190060e-001  2.3707374e-002  5.6009383e-001
  9.6400000e+002  3.1826696e-001  5.0073734e-002  5.8646019e-001
  9.6500000e+002  3.3682255e-001  6.8629324e-002  6.0501578e-001
  9.6600000e+002  3.4729506e-001  7.9101834e-002  6.1548829e-001
  9.6700000e+002  3.5115558e-001  8.2962354e-002  6.1934881e-001
  9.6800000e+002  3.5128648e-001  8.3093254e-002  6.1947971e-001
  9.6900000e+002  3.5124927e-001  8.3056044e-002  6.1944250e-001
  9.7000000e+002  3.5429069e-001  8.6097464e-002  6.2248392e-001
  9.7100000e+002  3.6233297e-001  9.4139744e-002  6.3052620e-001
  9.7200000e+002  3.7524463e-001  1.0705140e-001  6.4343786e-001
  9.7300000e+002  3.9064938e-001  1.2245615e-001  6.5884261e-001
  9.7400000e+002  4.0440187e-001  1.3620864e-001  6.7259510e-001
  9.7500000e+002  4.1166850e-001  1.4347527e-001  6.7986173e-001
  9.7600000e+002  4.0835678e-001  1.4016355e-001  6.7655001e-001
  9.7700000e+002  3.9250023e-001  1.2430700e-001  6.6069346e-001
  9.7800000e+002  3.6517751e-001  9.6984284e-002  6.3337074e-001
  9.7900000e+002  3.3064371e-001  6.2450484e-002  5.9883694e-001
  9.8000000e+002  2.9555807e-001  2.7364844e-002  5.6375130e-001
  9.8100000e+002  2.6745003e-001 -7.4319609e-004  5.3564326e-001
  9.8200000e+002  2.5280061e-001 -1.5392616e-002  5.2099384e-001
  9.8300000e+002  2.5525581e-001 -1.2937416e-002  5.2344904e-001
  9.8400000e+002  2.7448634e-001  6.2931139e-003  5.4267957e-001
  9.8500000e+002  3.0605507e-001  3.7861844e-002  5.7424830e-001
  9.8600000e+002  3.4238678e-001  7.4193554e-002  6.1058001e-001
  9.8700000e+002  3.7462432e-001  1.0643109e-001  6.4281755e-001
  9.8800000e+002  3.9488996e-001  1.2669673e-001  6.6308319e-001
  9.8900000e+002  3.9833035e-001  1.3013712e-001  6.6652358e-001
  9.9000000e+002  3.8435813e-001  1.1616490e-001  6.5255136e-001
  9.9100000e+002  3.5671490e-001  8.8521674e-002  6.2490813e-001
  9.9200000e+002  3.2231597e-001  5.4122744e-002  5.9050920e-001
  9.9300000e+002  2.8920458e-001  2.1011354e-002  5.5739781e-001
  9.9400000e+002  2.6422667e-001 -3.9665561e-003  5.3241990e-001
  9.9500000e+002  2.5114099e-001 -1.7052236e-002  5.1933422e-001
  9.9600000e+002  2.4975650e-001 -1.8436726e-002  5.1794973e-001
  9.9700000e+002  2.5636416e-001 -1.1829066e-002  5.2455739e-001
  9.9800000e+002  2.6530277e-001 -2.8904561e-003  5.3349600e-001
  9.9900000e+002  2.7110920e-001  2.9159739e-003  5.3930243e-001
  1.0000000e+003  2.7049341e-001  2.3001839e-003  5.3868664e-001
  1.0010000e+003  2.6343321e-001 -4.7600161e-003  5.3162644e-001
  1.0020000e+003  2.5299497e-001 -1.5198256e-002  5.2118820e-001
  1.0030000e+003  2.4395179e-001 -2.4241436e-002  5.1214502e-001
  1.0040000e+003  2.4072182e-001 -2.7471406e-002  5.0891505e-001
  1.0050000e+003  2.4541492e-001 -2.2778306e-002  5.1360815e-001
  1.0060000e+003  2.5675035e-001 -1.1442876e-002  5.2494358e-001
  1.0070000e+003  2.7029023e-001  2.0970039e-003  5.3848346e-001
  1.0080000e+003  2.7994000e-001  1.1746774e-002  5.4813323e-001
  1.0090000e+003  2.8018105e-001  1.1987824e-002  5.4837428e-001
  1.0100000e+003  2.6821020e-001  1.6973906e-005  5.3640343e-001
  1.0110000e+003  2.4517831e-001 -2.3014916e-002  5.1337154e-001
  1.0120000e+003  2.1604342e-001 -5.2149806e-002  4.8423665e-001
  1.0130000e+003  1.8806084e-001 -8.0132386e-002  4.5625407e-001
  1.0140000e+003  1.6843338e-001 -9.9759846e-002  4.3662661e-001
  1.0150000e+003  1.6195225e-001 -1.0624098e-001  4.3014548e-001
  1.0160000e+003  1.6946142e-001 -9.8731806e-002  4.3765465e-001
  1.0170000e+003  1.8767806e-001 -8.0515166e-002  4.5587129e-001
  1.0180000e+003  2.1041545e-001 -5.7777776e-002  4.7860868e-001
  1.0190000e+003  2.3076036e-001 -3.7432866e-002  4.9895359e-001
  1.0200000e+003  2.4343161e-001 -2.4761616e-002  5.1162484e-001
  1.0210000e+003  2.4649867e-001 -2.1694556e-002  5.1469190e-001
  1.0220000e+003  2.4187691e-001 -2.6316316e-002  5.1007014e-001
  1.0230000e+003  2.3444759e-001 -3.3745636e-002  5.0264082e-001
  1.0240000e+003  2.3012318e-001 -3.8070046e-002  4.9831641e-001
  1.0250000e+003  2.3353291e-001 -3.4660316e-002  5.0172614e-001
  1.0260000e+003  2.4612811e-001 -2.2065116e-002  5.1432134e-001
  1.0270000e+003  2.6536617e-001 -2.8270561e-003  5.3355940e-001
  1.0280000e+003  2.8527956e-001  1.7086334e-002  5.5347279e-001
  1.0290000e+003  2.9828497e-001  3.0091744e-002  5.6647820e-001
  1.0300000e+003  2.9768041e-001  2.9487184e-002  5.6587364e-001
  1.0310000e+003  2.8004069e-001  1.1847464e-002  5.4823392e-001
  1.0320000e+003  2.4672746e-001 -2.1465766e-002  5.1492069e-001
  1.0330000e+003  2.0398205e-001 -6.4211176e-002  4.7217528e-001
  1.0340000e+003  1.6149458e-001 -1.0669865e-001  4.2968781e-001
  1.0350000e+003  1.2981679e-001 -1.3837644e-001  3.9801002e-001
  1.0360000e+003  1.1736315e-001 -1.5083008e-001  3.8555638e-001
  1.0370000e+003  1.2790560e-001 -1.4028763e-001  3.9609883e-001
  1.0380000e+003  1.5935080e-001 -1.0884243e-001  4.2754403e-001
  1.0390000e+003  2.0422118e-001 -6.3972046e-002  4.7241441e-001
  1.0400000e+003  2.5174560e-001 -1.6447626e-002  5.1993883e-001
  1.0410000e+003  2.9096041e-001  2.2767184e-002  5.5915364e-001
  1.0420000e+003  3.1388799e-001  4.5694764e-002  5.8208122e-001
  1.0430000e+003  3.1781119e-001  4.9617964e-002  5.8600442e-001
  1.0440000e+003  3.0592474e-001  3.7731514e-002  5.7411797e-001
  1.0450000e+003  2.8614459e-001  1.7951364e-002  5.5433782e-001
  1.0460000e+003  2.6843851e-001  2.4528391e-004  5.3663174e-001
  1.0470000e+003  2.6151937e-001 -6.6738561e-003  5.2971260e-001
  1.0480000e+003  2.6995798e-001  1.7647539e-003  5.3815121e-001
  1.0490000e+003  2.9264930e-001  2.4456074e-002  5.6084253e-001
  1.0500000e+003  3.2313648e-001  5.4943254e-002  5.9132971e-001
  1.0510000e+003  3.5169855e-001  8.3505324e-002  6.1989178e-001
  1.0520000e+003  3.6853183e-001  1.0033860e-001  6.3672506e-001
  1.0530000e+003  3.6699386e-001  9.8800634e-002  6.3518709e-001
  1.0540000e+003  3.4585189e-001  7.7658664e-002  6.1404512e-001
  1.0550000e+003  3.0979860e-001  4.1605374e-002  5.7799183e-001
  1.0560000e+003  2.6806203e-001 -1.3119609e-004  5.3625526e-001
  1.0570000e+003  2.3155844e-001 -3.6634786e-002  4.9975167e-001
  1.0580000e+003  2.0951137e-001 -5.8681856e-002  4.7770460e-001
  1.0590000e+003  2.0662962e-001 -6.1563606e-002  4.7482285e-001
  1.0600000e+003  2.2174575e-001 -4.6447476e-002  4.8993898e-001
  1.0610000e+003  2.4832989e-001 -1.9863336e-002  5.1652312e-001
  1.0620000e+003  2.7667574e-001  8.4825139e-003  5.4486897e-001
  1.0630000e+003  2.9701338e-001  2.8820154e-002  5.6520661e-001
  1.0640000e+003  3.0251947e-001  3.4326244e-002  5.7071270e-001
  1.0650000e+003  2.9126083e-001  2.3067604e-002  5.5945406e-001
  1.0660000e+003  2.6649478e-001 -1.6984461e-003  5.3468801e-001
  1.0670000e+003  2.3531845e-001 -3.2874776e-002  5.0351168e-001
  1.0680000e+003  2.0620895e-001 -6.1984276e-002  4.7440218e-001
  1.0690000e+003  1.8633517e-001 -8.1858056e-002  4.5452840e-001
  1.0700000e+003  1.7953920e-001 -8.8654026e-002  4.4773243e-001
  1.0710000e+003  1.8558935e-001 -8.2603876e-002  4.5378258e-001
  1.0720000e+003  2.0081915e-001 -6.7374076e-002  4.6901238e-001
  1.0730000e+003  2.1977710e-001 -4.8416126e-002  4.8797033e-001
  1.0740000e+003  2.3719842e-001 -3.0994806e-002  5.0539165e-001
  1.0750000e+003  2.4957558e-001 -1.8617646e-002  5.1776881e-001
  1.0760000e+003  2.5583888e-001 -1.2354346e-002  5.2403211e-001
  1.0770000e+003  2.5704809e-001 -1.1145136e-002  5.2524132e-001
  1.0780000e+003  2.5537821e-001 -1.2815016e-002  5.2357144e-001
  1.0790000e+003  2.5290992e-001 -1.5283306e-002  5.2110315e-001
  1.0800000e+003  2.5073740e-001 -1.7455826e-002  5.1893063e-001
  1.0810000e+003  2.4870581e-001 -1.9487416e-002  5.1689904e-001
  1.0820000e+003  2.4579187e-001 -2.2401356e-002  5.1398510e-001
  1.0830000e+003  2.4087156e-001 -2.7321666e-002  5.0906479e-001
  1.0840000e+003  2.3348526e-001 -3.4707966e-002  5.0167849e-001
  1.0850000e+003  2.2424902e-001 -4.3944206e-002  4.9244225e-001
  1.0860000e+003  2.1473785e-001 -5.3455376e-002  4.8293108e-001
  1.0870000e+003  2.0689782e-001 -6.1295406e-002  4.7509105e-001
  1.0880000e+003  2.0223312e-001 -6.5960106e-002  4.7042635e-001
  1.0890000e+003  2.0109361e-001 -6.7099616e-002  4.6928684e-001
  1.0900000e+003  2.0234073e-001 -6.5852496e-002  4.7053396e-001
  1.0910000e+003  2.0352372e-001 -6.4669506e-002  4.7171695e-001
  1.0920000e+003  2.0151737e-001 -6.6675856e-002  4.6971060e-001
  1.0930000e+003  1.9342021e-001 -7.4773016e-002  4.6161344e-001
  1.0940000e+003  1.7743512e-001 -9.0758106e-002  4.4562835e-001
  1.0950000e+003  1.5346916e-001 -1.1472407e-001  4.2166239e-001
  1.0960000e+003  1.2327925e-001 -1.4491398e-001  3.9147248e-001
  1.0970000e+003  9.0124047e-002 -1.7806918e-001  3.5831727e-001
  1.0980000e+003  5.8016763e-002 -2.1017646e-001  3.2620999e-001
  1.0990000e+003  3.0776398e-002 -2.3741683e-001  2.9896962e-001
  1.1000000e+003  1.1122538e-002 -2.5707069e-001  2.7931576e-001
  1.1010000e+003  4.4408004e-005 -2.6814882e-001  2.6823763e-001
  1.1020000e+003 -3.3958210e-003 -2.7158905e-001  2.6479741e-001
  1.1030000e+003 -1.7753954e-003 -2.6996862e-001  2.6641783e-001
  1.1040000e+003  1.3874859e-003 -2.6680574e-001  2.6958071e-001
  1.1050000e+003  2.5621807e-003 -2.6563105e-001  2.7075541e-001
  1.1060000e+003 -8.7897861e-004 -2.6907220e-001  2.6731425e-001
  1.1070000e+003 -9.9994255e-003 -2.7819265e-001  2.5819380e-001
  1.1080000e+003 -2.4063290e-002 -2.9225652e-001  2.4412994e-001
  1.1090000e+003 -4.0779980e-002 -3.0897321e-001  2.2741325e-001
  1.1100000e+003 -5.6948228e-002 -3.2514145e-001  2.1124500e-001
  1.1110000e+003 -6.9311369e-002 -3.3750460e-001  1.9888186e-001
  1.1120000e+003 -7.5385807e-002 -3.4357903e-001  1.9280742e-001
  1.1130000e+003 -7.4046112e-002 -3.4223934e-001  1.9414711e-001
  1.1140000e+003 -6.5731763e-002 -3.3392499e-001  2.0246146e-001
  1.1150000e+003 -5.2252593e-002 -3.2044582e-001  2.1594063e-001
  1.1160000e+003 -3.6275917e-002 -3.0446914e-001  2.3191731e-001
  1.1170000e+003 -2.0648851e-002 -2.8884208e-001  2.4754438e-001
  1.1180000e+003 -7.7307607e-003 -2.7592399e-001  2.6046247e-001
  1.1190000e+003  1.1127756e-003 -2.6708045e-001  2.6930600e-001
  1.1200000e+003  5.7559014e-003 -2.6243732e-001  2.7394913e-001
  1.1210000e+003  7.2628951e-003 -2.6093033e-001  2.7545612e-001
  1.1220000e+003  7.5670583e-003 -2.6062617e-001  2.7576028e-001
  1.1230000e+003  8.9509531e-003 -2.5924227e-001  2.7714418e-001
  1.1240000e+003  1.3437267e-002 -2.5475596e-001  2.8163049e-001
  1.1250000e+003  2.2221558e-002 -2.4597167e-001  2.9041478e-001
  1.1260000e+003  3.5280212e-002 -2.3291301e-001  3.0347344e-001
  1.1270000e+003  5.1261738e-002 -2.1693149e-001  3.1945496e-001
  1.1280000e+003  6.7713263e-002 -2.0047996e-001  3.3590649e-001
  1.1290000e+003  8.1613473e-002 -1.8657975e-001  3.4980670e-001
  1.1300000e+003  9.0097223e-002 -1.7809600e-001  3.5829045e-001
  1.1310000e+003  9.1192717e-002 -1.7700051e-001  3.5938594e-001
  1.1320000e+003  8.4373898e-002 -1.8381933e-001  3.5256712e-001
  1.1330000e+003  7.0769419e-002 -1.9742381e-001  3.3896265e-001
  1.1340000e+003  5.2956801e-002 -2.1523643e-001  3.2115003e-001
  1.1350000e+003  3.4380975e-002 -2.3381225e-001  3.0257420e-001
  1.1360000e+003  1.8537749e-002 -2.4965548e-001  2.8673098e-001
  1.1370000e+003  8.1265879e-003 -2.6006664e-001  2.7631981e-001
  1.1380000e+003  4.3873605e-003 -2.6380587e-001  2.7258059e-001
  1.1390000e+003  6.7915253e-003 -2.6140170e-001  2.7498475e-001
  1.1400000e+003  1.3171339e-002 -2.5502189e-001  2.8136457e-001
  1.1410000e+003  2.0261515e-002 -2.4793171e-001  2.8845474e-001
  1.1420000e+003  2.4521472e-002 -2.4367175e-001  2.9271470e-001
  1.1430000e+003  2.3028966e-002 -2.4516426e-001  2.9122219e-001
  1.1440000e+003  1.4210242e-002 -2.5398298e-001  2.8240347e-001
  1.1450000e+003 -1.7897549e-003 -2.6998298e-001  2.6640347e-001
  1.1460000e+003 -2.3195318e-002 -2.9138854e-001  2.4499791e-001
  1.1470000e+003 -4.7110676e-002 -3.1530390e-001  2.2108255e-001
  1.1480000e+003 -7.0289834e-002 -3.3848306e-001  1.9790339e-001
  1.1490000e+003 -8.9923592e-002 -3.5811682e-001  1.7826963e-001
  1.1500000e+003 -1.0420455e-001 -3.7239778e-001  1.6398868e-001
  1.1510000e+003 -1.1251783e-001 -3.8071106e-001  1.5567540e-001
  1.1520000e+003 -1.1524635e-001 -3.8343958e-001  1.5294688e-001
  1.1530000e+003 -1.1332075e-001 -3.8151398e-001  1.5487248e-001
  1.1540000e+003 -1.0772994e-001 -3.7592317e-001  1.6046329e-001
  1.1550000e+003 -9.9201867e-002 -3.6739509e-001  1.6899136e-001
  1.1560000e+003 -8.8170374e-002 -3.5636360e-001  1.8002285e-001
  1.1570000e+003 -7.5002343e-002 -3.4319557e-001  1.9319088e-001
  1.1580000e+003 -6.0332456e-002 -3.2852568e-001  2.0786077e-001
  1.1590000e+003 -4.5297851e-002 -3.1349108e-001  2.2289538e-001
  1.1600000e+003 -3.1506549e-002 -2.9969978e-001  2.3668668e-001
  1.1610000e+003 -2.0694897e-002 -2.8888812e-001  2.4749833e-001
  1.1620000e+003 -1.4177447e-002 -2.8237067e-001  2.5401578e-001
  1.1630000e+003 -1.2302481e-002 -2.8049571e-001  2.5589075e-001
  1.1640000e+003 -1.4148438e-002 -2.8234166e-001  2.5404479e-001
  1.1650000e+003 -1.7618587e-002 -2.8581181e-001  2.5057464e-001
  1.1660000e+003 -1.9943503e-002 -2.8813673e-001  2.4824972e-001
  1.1670000e+003 -1.8442498e-002 -2.8663572e-001  2.4975073e-001
  1.1680000e+003 -1.1290412e-002 -2.7948364e-001  2.5690281e-001
  1.1690000e+003  1.9722018e-003 -2.6622102e-001  2.7016543e-001
  1.1700000e+003  2.0354778e-002 -2.4783845e-001  2.8854800e-001
  1.1710000e+003  4.1769585e-002 -2.2642364e-001  3.0996281e-001
  1.1720000e+003  6.3671229e-002 -2.0452200e-001  3.3186446e-001
  1.1730000e+003  8.3730912e-002 -1.8446231e-001  3.5192414e-001
  1.1740000e+003  1.0029336e-001 -1.6789987e-001  3.6848659e-001
  1.1750000e+003  1.1246698e-001 -1.5572625e-001  3.8066021e-001
  1.1760000e+003  1.1986279e-001 -1.4833044e-001  3.8805602e-001
  1.1770000e+003  1.2215769e-001 -1.4603554e-001  3.9035092e-001
  1.1780000e+003  1.1874400e-001 -1.4944923e-001  3.8693723e-001
  1.1790000e+003  1.0869749e-001 -1.5949574e-001  3.7689072e-001
  1.1800000e+003  9.1156102e-002 -1.7703712e-001  3.5934933e-001
  1.1810000e+003  6.6001705e-002 -2.0219152e-001  3.3419493e-001
  1.1820000e+003  3.4561796e-002 -2.3363143e-001  3.0275502e-001
  1.1830000e+003 -2.3952154e-005 -2.6821718e-001  2.6816927e-001
  1.1840000e+003 -3.3051191e-002 -3.0124442e-001  2.3514204e-001
  1.1850000e+003 -5.9180696e-002 -3.2737392e-001  2.0901253e-001
  1.1860000e+003 -7.3845203e-002 -3.4203843e-001  1.9434802e-001
  1.1870000e+003 -7.4697038e-002 -3.4289026e-001  1.9349619e-001
  1.1880000e+003 -6.2571118e-002 -3.3076434e-001  2.0562211e-001
  1.1890000e+003 -4.1542879e-002 -3.0973611e-001  2.2665035e-001
  1.1900000e+003 -1.7940403e-002 -2.8613363e-001  2.5025282e-001
  1.1910000e+003  1.4653165e-003 -2.6672791e-001  2.6965854e-001
  1.1920000e+003  1.1548859e-002 -2.5664437e-001  2.7974209e-001
  1.1930000e+003  1.0504615e-002 -2.5768861e-001  2.7869784e-001
  1.1940000e+003  5.0303288e-004 -2.6769019e-001  2.6869626e-001
  1.1950000e+003 -1.2960716e-002 -2.8115394e-001  2.5523251e-001
  1.1960000e+003 -2.2874184e-002 -2.9106741e-001  2.4531904e-001
  1.1970000e+003 -2.3103017e-002 -2.9129624e-001  2.4509021e-001
  1.1980000e+003 -1.0566328e-002 -2.7875955e-001  2.5762690e-001
  1.1990000e+003  1.3580159e-002 -2.5461307e-001  2.8177339e-001
  1.2000000e+003  4.4208953e-002 -2.2398427e-001  3.1240218e-001
  1.2010000e+003  7.3889500e-002 -1.9430373e-001  3.4208273e-001
  1.2020000e+003  9.5404762e-002 -1.7278846e-001  3.6359799e-001
  1.2030000e+003  1.0422502e-001 -1.6396821e-001  3.7241825e-001
  1.2040000e+003  1.0002761e-001 -1.6816562e-001  3.6822084e-001
  1.2050000e+003  8.6673014e-002 -1.8152021e-001  3.5486624e-001
  1.2060000e+003  7.0610801e-002 -1.9758243e-001  3.3880403e-001
  1.2070000e+003  5.8291633e-002 -2.0990159e-001  3.2648486e-001
  1.2080000e+003  5.3571008e-002 -2.1462222e-001  3.2176423e-001
  1.2090000e+003  5.6134978e-002 -2.1205825e-001  3.2432820e-001
  1.2100000e+003  6.1618336e-002 -2.0657489e-001  3.2981156e-001
  1.2110000e+003  6.3442380e-002 -2.0475085e-001  3.3163561e-001
  1.2120000e+003  5.5713299e-002 -2.1247993e-001  3.2390653e-001
  1.2130000e+003  3.6065132e-002 -2.3212809e-001  3.0425836e-001
  1.2140000e+003  7.2962442e-003 -2.6089698e-001  2.7548947e-001
  1.2150000e+003 -2.2932555e-002 -2.9112578e-001  2.4526067e-001
  1.2160000e+003 -4.4345327e-002 -3.1253855e-001  2.2384790e-001
  1.2170000e+003 -4.7497089e-002 -3.1569032e-001  2.2069614e-001
  1.2180000e+003 -2.7185274e-002 -2.9537850e-001  2.4100795e-001
  1.2190000e+003  1.5429609e-002 -2.5276362e-001  2.8362284e-001
  1.2200000e+003  7.2793022e-002 -1.9540020e-001  3.4098625e-001
  1.2210000e+003  1.3305064e-001 -1.3514259e-001  4.0124387e-001
  1.2220000e+003  1.8352891e-001 -8.4664316e-002  4.5172214e-001
  1.2230000e+003  2.1437693e-001 -5.3816296e-002  4.8257016e-001
  1.2240000e+003  2.2112879e-001 -4.7064436e-002  4.8932202e-001
  1.2250000e+003  2.0539399e-001 -6.2799236e-002  4.7358722e-001
  1.2260000e+003  1.7360669e-001 -9.4586536e-002  4.4179992e-001
  1.2270000e+003  1.3446949e-001 -1.3372374e-001  4.0266272e-001
  1.2280000e+003  9.6140702e-002 -1.7205252e-001  3.6433393e-001
  1.2290000e+003  6.4189393e-002 -2.0400383e-001  3.3238262e-001
  1.2300000e+003  4.0919625e-002 -2.2727360e-001  3.0911285e-001
  1.2310000e+003  2.6043347e-002 -2.4214988e-001  2.9423657e-001
  1.2320000e+003  1.8131761e-002 -2.5006147e-001  2.8632499e-001
  1.2330000e+003  1.6022670e-002 -2.5217056e-001  2.8421590e-001
  1.2340000e+003  1.9493854e-002 -2.4869937e-001  2.8768708e-001
  1.2350000e+003  2.8946539e-002 -2.3924669e-001  2.9713977e-001
  1.2360000e+003  4.4369053e-002 -2.2382417e-001  3.1256228e-001
  1.2370000e+003  6.4226124e-002 -2.0396710e-001  3.3241935e-001
  1.2380000e+003  8.4976286e-002 -1.8321694e-001  3.5316951e-001
  1.2390000e+003  1.0163498e-001 -1.6655825e-001  3.6982821e-001
  1.2400000e+003  1.0930331e-001 -1.5888992e-001  3.7749654e-001
  1.2410000e+003  1.0509482e-001 -1.6309841e-001  3.7328805e-001
  1.2420000e+003  8.9636061e-002 -1.7855717e-001  3.5782929e-001
  1.2430000e+003  6.7412931e-002 -2.0078030e-001  3.3560616e-001
  1.2440000e+003  4.5658610e-002 -2.2253462e-001  3.1385184e-001
  1.2450000e+003  3.2061813e-002 -2.3613141e-001  3.0025504e-001
  1.2460000e+003  3.2079642e-002 -2.3611358e-001  3.0027287e-001
  1.2470000e+003  4.6854382e-002 -2.2133884e-001  3.1504761e-001
  1.2480000e+003  7.2560306e-002 -1.9563292e-001  3.4075353e-001
  1.2490000e+003  1.0150082e-001 -1.6669241e-001  3.6969405e-001
  1.2500000e+003  1.2462796e-001 -1.4356527e-001  3.9282119e-001
  1.2510000e+003  1.3461467e-001 -1.3357856e-001  4.0280790e-001
  1.2520000e+003  1.2838572e-001 -1.3980751e-001  3.9657895e-001
  1.2530000e+003  1.0819502e-001 -1.5999821e-001  3.7638825e-001
  1.2540000e+003  8.0860040e-002 -1.8733319e-001  3.4905327e-001
  1.2550000e+003  5.5430834e-002 -2.1276239e-001  3.2362406e-001
  1.2560000e+003  4.0133335e-002 -2.2805989e-001  3.0832656e-001
  1.2570000e+003  3.9674317e-002 -2.2851891e-001  3.0786754e-001
  1.2580000e+003  5.3840808e-002 -2.1435242e-001  3.2203403e-001
  1.2590000e+003  7.7833822e-002 -1.9035940e-001  3.4602705e-001
  1.2600000e+003  1.0413534e-001 -1.6405789e-001  3.7232857e-001
  1.2610000e+003  1.2516146e-001 -1.4303177e-001  3.9335469e-001
  1.2620000e+003  1.3570538e-001 -1.3248785e-001  4.0389861e-001
  1.2630000e+003  1.3430554e-001 -1.3388769e-001  4.0249877e-001
  1.2640000e+003  1.2312446e-001 -1.4506877e-001  3.9131769e-001
  1.2650000e+003  1.0650902e-001 -1.6168421e-001  3.7470225e-001
  1.2660000e+003  8.8895522e-002 -1.7929770e-001  3.5708875e-001
  1.2670000e+003  7.2937205e-002 -1.9525602e-001  3.4113043e-001
  1.2680000e+003  5.8597681e-002 -2.0959555e-001  3.2679091e-001
  1.2690000e+003  4.3536120e-002 -2.2465711e-001  3.1172935e-001
  1.2700000e+003  2.4580650e-002 -2.4361258e-001  2.9277388e-001
  1.2710000e+003 -3.4779037e-004 -2.6854102e-001  2.6784544e-001
  1.2720000e+003 -3.0675361e-002 -2.9886859e-001  2.3751787e-001
  1.2730000e+003 -6.2652290e-002 -3.3084552e-001  2.0554094e-001
  1.2740000e+003 -9.0142269e-002 -3.5833550e-001  1.7805096e-001
  1.2750000e+003 -1.0649754e-001 -3.7469077e-001  1.6169569e-001
  1.2760000e+003 -1.0687272e-001 -3.7506595e-001  1.6132051e-001
  1.2770000e+003 -9.0144302e-002 -3.5833753e-001  1.7804892e-001
  1.2780000e+003 -5.9716270e-002 -3.2790950e-001  2.0847696e-001
  1.2790000e+003 -2.2865937e-002 -2.9105916e-001  2.4532729e-001
  1.2800000e+003  1.1213938e-002 -2.5697929e-001  2.7940716e-001
  1.2810000e+003  3.4063831e-002 -2.3412940e-001  3.0225706e-001
  1.2820000e+003  4.0432316e-002 -2.2776091e-001  3.0862554e-001
  1.2830000e+003  2.9754846e-002 -2.3843838e-001  2.9794807e-001
  1.2840000e+003  6.1402018e-003 -2.6205302e-001  2.7433343e-001
  1.2850000e+003 -2.3130594e-002 -2.9132382e-001  2.4506263e-001
  1.2860000e+003 -5.0081982e-002 -3.1827521e-001  2.1811124e-001
  1.2870000e+003 -6.8651001e-002 -3.3684423e-001  1.9954223e-001
  1.2880000e+003 -7.6529528e-002 -3.4472275e-001  1.9166370e-001
  1.2890000e+003 -7.5610741e-002 -3.4380397e-001  1.9258249e-001
  1.2900000e+003 -7.0896806e-002 -3.3909003e-001  1.9729642e-001
  1.2910000e+003 -6.8270531e-002 -3.3646376e-001  1.9992270e-001
  1.2920000e+003 -7.1946759e-002 -3.4013999e-001  1.9624647e-001
  1.2930000e+003 -8.2550901e-002 -3.5074413e-001  1.8564233e-001
  1.2940000e+003 -9.6568569e-002 -3.6476180e-001  1.7162466e-001
  1.2950000e+003 -1.0743462e-001 -3.7562785e-001  1.6075861e-001
  1.2960000e+003 -1.0794166e-001 -3.7613489e-001  1.6025157e-001
  1.2970000e+003 -9.3150995e-002 -3.6134422e-001  1.7504223e-001
  1.2980000e+003 -6.2760134e-002 -3.3095336e-001  2.0543309e-001
  1.2990000e+003 -2.2011122e-002 -2.9020435e-001  2.4618210e-001
  1.3000000e+003  1.9318417e-002 -2.4887481e-001  2.8751164e-001
  1.3010000e+003  4.9657375e-002 -2.1853585e-001  3.1785060e-001
  1.3020000e+003  5.9317024e-002 -2.0887620e-001  3.2751025e-001
  1.3030000e+003  4.3923178e-002 -2.2427005e-001  3.1211640e-001
  1.3040000e+003  6.4255390e-003 -2.6176769e-001  2.7461877e-001
  1.3050000e+003 -4.3100663e-002 -3.1129389e-001  2.2509256e-001
  1.3060000e+003 -8.9967007e-002 -3.5816023e-001  1.7822622e-001
  1.3070000e+003 -1.1905232e-001 -3.8724555e-001  1.4914091e-001
  1.3080000e+003 -1.1942495e-001 -3.8761818e-001  1.4876828e-001
  1.3090000e+003 -8.7970928e-002 -3.5616415e-001  1.8022230e-001
  1.3100000e+003 -3.0838290e-002 -2.9903152e-001  2.3735494e-001
  1.3110000e+003  3.7852799e-002 -2.3034043e-001  3.0604603e-001
  1.3120000e+003  9.9747157e-002 -1.6844607e-001  3.6794038e-001
  1.3130000e+003  1.3738273e-001 -1.3081050e-001  4.0557596e-001
  1.3140000e+003  1.3920313e-001 -1.2899010e-001  4.0739636e-001
  1.3150000e+003  1.0296545e-001 -1.6522778e-001  3.7115868e-001
  1.3160000e+003  3.6536578e-002 -2.3165665e-001  3.0472980e-001
  1.3170000e+003 -4.4137088e-002 -3.1233031e-001  2.2405614e-001
  1.3180000e+003 -1.1925562e-001 -3.8744885e-001  1.4893761e-001
  1.3190000e+003 -1.7032532e-001 -4.3851855e-001  9.7867906e-002
  1.3200000e+003 -1.8476537e-001 -4.5295860e-001  8.3427856e-002
  1.3210000e+003 -1.5871131e-001 -4.2690454e-001  1.0948192e-001
  1.3220000e+003 -9.7367450e-002 -3.6556068e-001  1.7082578e-001
  1.3230000e+003 -1.3020379e-002 -2.8121361e-001  2.5517285e-001
  1.3240000e+003  7.8503707e-002 -1.8968952e-001  3.4669693e-001
  1.3250000e+003  1.6177812e-001 -1.0641511e-001  4.2997135e-001
  1.3260000e+003  2.2496515e-001 -4.3228076e-002  4.9315838e-001
  1.3270000e+003  2.6147960e-001 -6.7136261e-003  5.2967283e-001
  1.3280000e+003  2.6992784e-001  1.7346139e-003  5.3812107e-001
  1.3290000e+003  2.5270223e-001 -1.5490996e-002  5.2089546e-001
  1.3300000e+003  2.1399778e-001 -5.4195446e-002  4.8219101e-001
  1.3310000e+003  1.5809573e-001 -1.1009750e-001  4.2628896e-001
  1.3320000e+003  8.8526679e-002 -1.7966655e-001  3.5671991e-001
  1.3330000e+003  8.2883069e-003 -2.5990492e-001  2.7648153e-001
  1.3340000e+003 -7.9177240e-002 -3.4737047e-001  1.8901599e-001
  1.3350000e+003 -1.6886829e-001 -4.3706152e-001  9.9324936e-002
  1.3360000e+003 -2.5366059e-001 -5.2185382e-001  1.4532636e-002
  1.3370000e+003 -3.2477475e-001 -5.9296798e-001 -5.6581524e-002
  1.3380000e+003 -3.7334427e-001 -6.4153750e-001 -1.0515104e-001
  1.3390000e+003 -3.9269749e-001 -6.6089072e-001 -1.2450426e-001
  1.3400000e+003 -3.8062792e-001 -6.4882115e-001 -1.1243469e-001
  1.3410000e+003 -3.4083116e-001 -6.0902439e-001 -7.2637934e-002
  1.3420000e+003 -2.8287606e-001 -5.5106929e-001 -1.4682834e-002
  1.3430000e+003 -2.2050184e-001 -4.8869507e-001  4.7691386e-002
  1.3440000e+003 -1.6856022e-001 -4.3675345e-001  9.9633006e-002
  1.3450000e+003 -1.3938258e-001 -4.0757581e-001  1.2881065e-001
  1.3460000e+003 -1.3959202e-001 -4.0778525e-001  1.2860121e-001
  1.3470000e+003 -1.6830958e-001 -4.3650281e-001  9.9883646e-002
  1.3480000e+003 -2.1732958e-001 -4.8552281e-001  5.0863646e-002
  1.3490000e+003 -2.7326860e-001 -5.4146183e-001 -5.0753739e-003
  1.3500000e+003 -3.2110069e-001 -5.8929392e-001 -5.2907464e-002
  1.3510000e+003 -3.4806795e-001 -6.1626118e-001 -7.9874724e-002
  1.3520000e+003 -3.4684029e-001 -6.1503352e-001 -7.8647064e-002
  1.3530000e+003 -3.1703500e-001 -5.8522823e-001 -4.8841774e-002
  1.3540000e+003 -2.6472161e-001 -5.3291484e-001  3.4716161e-003
  1.3550000e+003 -2.0016527e-001 -4.6835850e-001  6.8027956e-002
  1.3560000e+003 -1.3459728e-001 -4.0279051e-001  1.3359595e-001
  1.3570000e+003 -7.7068303e-002 -3.4526153e-001  1.9112492e-001
  1.3580000e+003 -3.2355535e-002 -3.0054876e-001  2.3583769e-001
  1.3590000e+003 -4.9192344e-004 -2.6868515e-001  2.6770130e-001
  1.3600000e+003  2.2091362e-002 -2.4610186e-001  2.9028459e-001
  1.3610000e+003  4.0368248e-002 -2.2782498e-001  3.0856147e-001
  1.3620000e+003  5.8357970e-002 -2.0983526e-001  3.2655120e-001
  1.3630000e+003  7.7494907e-002 -1.9069832e-001  3.4568813e-001
  1.3640000e+003  9.6297980e-002 -1.7189525e-001  3.6449121e-001
  1.3650000e+003  1.1138556e-001 -1.5680767e-001  3.7957879e-001
  1.3660000e+003  1.1935340e-001 -1.4883983e-001  3.8754663e-001
  1.3670000e+003  1.1869860e-001 -1.4949463e-001  3.8689183e-001
  1.3680000e+003  1.1095897e-001 -1.5723426e-001  3.7915220e-001
  1.3690000e+003  1.0055054e-001 -1.6764269e-001  3.6874377e-001
  1.3700000e+003  9.3308609e-002 -1.7488462e-001  3.6150184e-001
  1.3710000e+003  9.4268896e-002 -1.7392433e-001  3.6246212e-001
  1.3720000e+003  1.0555780e-001 -1.6263543e-001  3.7375103e-001
  1.3730000e+003  1.2525994e-001 -1.4293329e-001  3.9345317e-001
  1.3740000e+003  1.4778653e-001 -1.2040670e-001  4.1597976e-001
  1.3750000e+003  1.6570358e-001 -1.0248965e-001  4.3389681e-001
  1.3760000e+003  1.7240548e-001 -9.5787746e-002  4.4059871e-001
  1.3770000e+003  1.6465903e-001 -1.0353420e-001  4.3285226e-001
  1.3780000e+003  1.4404217e-001 -1.2415106e-001  4.1223540e-001
  1.3790000e+003  1.1667505e-001 -1.5151818e-001  3.8486828e-001
  1.3800000e+003  9.1259460e-002 -1.7693377e-001  3.5945269e-001
  1.3810000e+003  7.6079626e-002 -1.9211360e-001  3.4427285e-001
  1.3820000e+003  7.6030511e-002 -1.9216272e-001  3.4422374e-001
  1.3830000e+003  9.0764549e-002 -1.7742868e-001  3.5895778e-001
  1.3840000e+003  1.1466231e-001 -1.5353092e-001  3.8285554e-001
  1.3850000e+003  1.3867253e-001 -1.2952070e-001  4.0686576e-001
  1.3860000e+003  1.5337685e-001 -1.1481638e-001  4.2157008e-001
  1.3870000e+003  1.5217697e-001 -1.1601626e-001  4.2037020e-001
  1.3880000e+003  1.3345500e-001 -1.3473823e-001  4.0164823e-001
  1.3890000e+003  1.0094258e-001 -1.6725065e-001  3.6913581e-001
  1.3900000e+003  6.2205439e-002 -2.0598779e-001  3.3039867e-001
  1.3910000e+003  2.5849712e-002 -2.4234351e-001  2.9404294e-001
  1.3920000e+003 -1.4838866e-003 -2.6967711e-001  2.6670934e-001
  1.3930000e+003 -1.7222896e-002 -2.8541612e-001  2.5097033e-001
  1.3940000e+003 -2.3320671e-002 -2.9151390e-001  2.4487256e-001
  1.3950000e+003 -2.4966773e-002 -2.9316000e-001  2.4322645e-001
  1.3960000e+003 -2.8105200e-002 -2.9629843e-001  2.4008803e-001
  1.3970000e+003 -3.6740748e-002 -3.0493397e-001  2.3145248e-001
  1.3980000e+003 -5.1058492e-002 -3.1925172e-001  2.1713473e-001
  1.3990000e+003 -6.7047459e-002 -3.3524069e-001  2.0114577e-001
  1.4000000e+003 -1.0957767e-001 -3.8337548e-001  1.6422014e-001
  1.4010000e+003 -7.2113676e-002 -3.4591148e-001  2.0168413e-001
  1.4020000e+003 -2.4452266e-002 -2.9825007e-001  2.4934554e-001
  1.4030000e+003  2.4405989e-002 -2.4939182e-001  2.9820380e-001
  1.4040000e+003  6.6779335e-002 -2.0701847e-001  3.4057714e-001
  1.4050000e+003  9.7793789e-002 -1.7600402e-001  3.7159160e-001
  1.4060000e+003  1.1592451e-001 -1.5787330e-001  3.8972232e-001
  1.4070000e+003  1.2256150e-001 -1.5123631e-001  3.9635931e-001
  1.4080000e+003  1.2086546e-001 -1.5293235e-001  3.9466327e-001
  1.4090000e+003  1.1436730e-001 -1.5943051e-001  3.8816511e-001
  1.4100000e+003  1.0579128e-001 -1.6800653e-001  3.7958909e-001
  1.4110000e+003  9.6450042e-002 -1.7734777e-001  3.7024785e-001
  1.4120000e+003  8.6324953e-002 -1.8747286e-001  3.6012276e-001
  1.4130000e+003  7.4695030e-002 -1.9910278e-001  3.4849284e-001
  1.4140000e+003  6.0998451e-002 -2.1279936e-001  3.3479626e-001
  1.4150000e+003  4.5558321e-002 -2.2823949e-001  3.1935613e-001
  1.4160000e+003  2.9886072e-002 -2.4391174e-001  3.0368388e-001
  1.4170000e+003  1.6452701e-002 -2.5734511e-001  2.9025051e-001
  1.4180000e+003  8.0204628e-003 -2.6577735e-001  2.8181827e-001
  1.4190000e+003  6.7840930e-003 -2.6701372e-001  2.8058190e-001
  1.4200000e+003  1.3629893e-002 -2.6016792e-001  2.8742770e-001
  1.4210000e+003  2.7770137e-002 -2.4602767e-001  3.0156795e-001
  1.4220000e+003  4.6873890e-002 -2.2692392e-001  3.2067170e-001
  1.4230000e+003  6.7645928e-002 -2.0615188e-001  3.4144374e-001
  1.4240000e+003  8.6662495e-002 -1.8713531e-001  3.6046030e-001
  1.4250000e+003  1.0120192e-001 -1.7259589e-001  3.7499973e-001
  1.4260000e+003  1.0982782e-001 -1.6396999e-001  3.8362563e-001
  1.4270000e+003  1.1257764e-001 -1.6122017e-001  3.8637545e-001
  1.4280000e+003  1.1074178e-001 -1.6305603e-001  3.8453959e-001
  1.4290000e+003  1.0634021e-001 -1.6745760e-001  3.8013802e-001
  1.4300000e+003  1.0147729e-001 -1.7232052e-001  3.7527510e-001
  1.4310000e+003  9.7764222e-002 -1.7603359e-001  3.7156203e-001
  1.4320000e+003  9.5949790e-002 -1.7784802e-001  3.6974760e-001
  1.4330000e+003  9.5820211e-002 -1.7797760e-001  3.6961802e-001
  1.4340000e+003  9.6347825e-002 -1.7744998e-001  3.7014563e-001
  1.4350000e+003  9.6011403e-002 -1.7778641e-001  3.6980921e-001
  1.4360000e+003  9.3187947e-002 -1.8060986e-001  3.6698576e-001
  1.4370000e+003  8.6523168e-002 -1.8727464e-001  3.6032098e-001
  1.4380000e+003  7.5212560e-002 -1.9858525e-001  3.4901037e-001
  1.4390000e+003  5.9153434e-002 -2.1464437e-001  3.3295124e-001
  1.4400000e+003  3.8952454e-002 -2.3484535e-001  3.1275026e-001
  1.4410000e+003  1.5792689e-002 -2.5800512e-001  2.8959050e-001
  1.4420000e+003 -8.8159613e-003 -2.8261377e-001  2.6498185e-001
  1.4430000e+003 -3.3355517e-002 -3.0715333e-001  2.4044229e-001
  1.4440000e+003 -5.6615372e-002 -3.3041318e-001  2.1718244e-001
  1.4450000e+003 -7.7916999e-002 -3.5171481e-001  1.9588081e-001
  1.4460000e+003 -9.7169623e-002 -3.7096743e-001  1.7662819e-001
  1.4470000e+003 -1.1472104e-001 -3.8851885e-001  1.5907677e-001
  1.4480000e+003 -1.3103833e-001 -4.0483614e-001  1.4275948e-001
  1.4490000e+003 -1.4632930e-001 -4.2012711e-001  1.2746851e-001
  1.4500000e+003 -1.6026354e-001 -4.3406135e-001  1.1353427e-001
  1.4510000e+003 -1.7194154e-001 -4.4573935e-001  1.0185627e-001
  1.4520000e+003 -1.8018125e-001 -4.5397906e-001  9.3616558e-002
  1.4530000e+003 -1.8406223e-001 -4.5786004e-001  8.9735578e-002
  1.4540000e+003 -1.8353519e-001 -4.5733300e-001  9.0262618e-002
  1.4550000e+003 -1.7982693e-001 -4.5362474e-001  9.3970878e-002
  1.4560000e+003 -1.7539318e-001 -4.4919099e-001  9.8404628e-002
  1.4570000e+003 -1.7330624e-001 -4.4710405e-001  1.0049157e-001
  1.4580000e+003 -1.7617589e-001 -4.4997370e-001  9.7621918e-002
  1.4590000e+003 -1.8491995e-001 -4.5871776e-001  8.8877858e-002
  1.4600000e+003 -1.9783613e-001 -4.7163394e-001  7.5961678e-002
  1.4610000e+003 -2.1041157e-001 -4.8420938e-001  6.3386238e-002
  1.4620000e+003 -2.1611845e-001 -4.8991626e-001  5.7679358e-002
  1.4630000e+003 -2.0812565e-001 -4.8192346e-001  6.5672158e-002
  1.4640000e+003 -1.8150867e-001 -4.5530648e-001  9.2289138e-002
  1.4650000e+003 -1.3528747e-001 -4.0908528e-001  1.3851034e-001
  1.4660000e+003 -7.3575524e-002 -3.4737333e-001  2.0022228e-001
  1.4670000e+003 -5.3256523e-003 -2.7912346e-001  2.6847216e-001
  1.4680000e+003  5.7431433e-002 -2.1636638e-001  3.3122924e-001
  1.4690000e+003  1.0246966e-001 -1.7132815e-001  3.7626747e-001
  1.4700000e+003  1.2058183e-001 -1.5321598e-001  3.9437964e-001
  1.4710000e+003  1.0817134e-001 -1.6562647e-001  3.8196915e-001
  1.4720000e+003  6.8413036e-002 -2.0538477e-001  3.4221084e-001
  1.4730000e+003  1.0595523e-002 -2.6320229e-001  2.8439333e-001
  1.4740000e+003 -5.2185629e-002 -3.2598344e-001  2.2161218e-001
  1.4750000e+003 -1.0630837e-001 -3.8010618e-001  1.6748944e-001
  1.4760000e+003 -1.4092025e-001 -4.1471806e-001  1.3287756e-001
  1.4770000e+003 -1.5032184e-001 -4.2411965e-001  1.2347597e-001
  1.4780000e+003 -1.3483059e-001 -4.0862840e-001  1.3896722e-001
  1.4790000e+003 -1.0000973e-001 -3.7380754e-001  1.7378808e-001
  1.4800000e+003 -5.4637564e-002 -3.2843537e-001  2.1916024e-001
  1.4810000e+003 -8.1239203e-003 -2.8192173e-001  2.6567389e-001
  1.4820000e+003  3.1838252e-002 -2.4195956e-001  3.0563606e-001
  1.4830000e+003  6.0766091e-002 -2.1303172e-001  3.3456390e-001
  1.4840000e+003  7.7740852e-002 -1.9605696e-001  3.5153866e-001
  1.4850000e+003  8.4716903e-002 -1.8908091e-001  3.5851471e-001
  1.4860000e+003  8.5177503e-002 -1.8862031e-001  3.5897531e-001
  1.4870000e+003  8.2664905e-002 -1.9113290e-001  3.5646271e-001
  1.4880000e+003  7.9666126e-002 -1.9413168e-001  3.5346393e-001
  1.4890000e+003  7.7145594e-002 -1.9665221e-001  3.5094340e-001
  1.4900000e+003  7.4759377e-002 -1.9903843e-001  3.4855719e-001
  1.4910000e+003  7.1550901e-002 -2.0224691e-001  3.4534871e-001
  1.4920000e+003  6.6786832e-002 -2.0701098e-001  3.4058464e-001
  1.4930000e+003  6.0580608e-002 -2.1321720e-001  3.3437842e-001
  1.4940000e+003  5.4062413e-002 -2.1973540e-001  3.2786022e-001
  1.4950000e+003  4.9043186e-002 -2.2475462e-001  3.2284099e-001
  1.4960000e+003  4.7318224e-002 -2.2647958e-001  3.2111603e-001
  1.4970000e+003  4.9894309e-002 -2.2390350e-001  3.2369212e-001
  1.4980000e+003  5.6456064e-002 -2.1734174e-001  3.3025387e-001
  1.4990000e+003  6.5301081e-002 -2.0849673e-001  3.3909889e-001
  1.5000000e+003 -8.9877205e-002 -3.7275628e-001  1.9300187e-001
  1.5010000e+003 -6.8699958e-002 -3.5157903e-001  2.1417912e-001
  1.5020000e+003 -4.5075932e-002 -3.2795501e-001  2.3780314e-001
  1.5030000e+003 -2.4032931e-002 -3.0691201e-001  2.5884614e-001
  1.5040000e+003 -9.3461240e-003 -2.9222520e-001  2.7353295e-001
  1.5050000e+003 -2.8078173e-003 -2.8568689e-001  2.8007126e-001
  1.5060000e+003 -4.1577097e-003 -2.8703678e-001  2.7872136e-001
  1.5070000e+003 -1.1586515e-002 -2.9446559e-001  2.7129256e-001
  1.5080000e+003 -2.2557036e-002 -3.0543611e-001  2.6032204e-001
  1.5090000e+003 -3.4631381e-002 -3.1751046e-001  2.4824769e-001
  1.5100000e+003 -4.6054386e-002 -3.2893346e-001  2.3682469e-001
  1.5110000e+003 -5.5978597e-002 -3.3885767e-001  2.2690048e-001
  1.5120000e+003 -6.4359919e-002 -3.4723899e-001  2.1851916e-001
  1.5130000e+003 -7.1648073e-002 -3.5452715e-001  2.1123100e-001
  1.5140000e+003 -7.8417913e-002 -3.6129699e-001  2.0446116e-001
  1.5150000e+003 -8.5050799e-002 -3.6792987e-001  1.9782828e-001
  1.5160000e+003 -9.1518654e-002 -3.7439773e-001  1.9136042e-001
  1.5170000e+003 -9.7285295e-002 -3.8016437e-001  1.8559378e-001
  1.5180000e+003 -1.0133500e-001 -3.8421407e-001  1.8154407e-001
  1.5190000e+003 -1.0235133e-001 -3.8523040e-001  1.8052774e-001
  1.5200000e+003 -9.9066714e-002 -3.8194579e-001  1.8381236e-001
  1.5210000e+003 -9.0758137e-002 -3.7363721e-001  1.9212094e-001
  1.5220000e+003 -7.7779904e-002 -3.6065898e-001  2.0509917e-001
  1.5230000e+003 -6.1938577e-002 -3.4481765e-001  2.2094050e-001
  1.5240000e+003 -4.6485438e-002 -3.2936451e-001  2.3639364e-001
  1.5250000e+003 -3.5573277e-002 -3.1845235e-001  2.4730580e-001
  1.5260000e+003 -3.3198904e-002 -3.1607798e-001  2.4968017e-001
  1.5270000e+003 -4.1877241e-002 -3.2475632e-001  2.4100183e-001
  1.5280000e+003 -6.1474320e-002 -3.4435339e-001  2.2140475e-001
  1.5290000e+003 -8.8671445e-002 -3.7155052e-001  1.9420763e-001
  1.5300000e+003 -1.1739179e-001 -4.0027086e-001  1.6548728e-001
  1.5310000e+003 -1.4021959e-001 -4.2309866e-001  1.4265948e-001
  1.5320000e+003 -1.5047926e-001 -4.3335833e-001  1.3239981e-001
  1.5330000e+003 -1.4435516e-001 -4.2723423e-001  1.3852391e-001
  1.5340000e+003 -1.2234373e-001 -4.0522280e-001  1.6053534e-001
  1.5350000e+003 -8.9492252e-002 -3.7237133e-001  1.9338682e-001
  1.5360000e+003 -5.4250622e-002 -3.3712970e-001  2.2862845e-001
  1.5370000e+003 -2.6219234e-002 -3.0909831e-001  2.5665984e-001
  1.5380000e+003 -1.3454644e-002 -2.9633372e-001  2.6942443e-001
  1.5390000e+003 -2.0156638e-002 -3.0303571e-001  2.6272244e-001
  1.5400000e+003 -4.5446396e-002 -3.2832547e-001  2.3743268e-001
  1.5410000e+003 -8.3596464e-002 -3.6647554e-001  1.9928261e-001
  1.5420000e+003 -1.2561405e-001 -4.0849312e-001  1.5726502e-001
  1.5430000e+003 -1.6166938e-001 -4.4454845e-001  1.2120969e-001
  1.5440000e+003 -1.8363482e-001 -4.6651389e-001  9.9244255e-002
  1.5450000e+003 -1.8701969e-001 -4.6989876e-001  9.5859385e-002
  1.5460000e+003 -1.7182329e-001 -4.5470236e-001  1.1105578e-001
  1.5470000e+003 -1.4218568e-001 -4.2506475e-001  1.4069339e-001
  1.5480000e+003 -1.0506443e-001 -3.8794350e-001  1.7781464e-001
  1.5490000e+003 -6.8398550e-002 -3.5127762e-001  2.1448052e-001
  1.5500000e+003 -3.9282387e-002 -3.2216146e-001  2.4359669e-001
  1.5510000e+003 -2.2576038e-002 -3.0545511e-001  2.6030304e-001
  1.5520000e+003 -2.0184914e-002 -3.0306399e-001  2.6269416e-001
  1.5530000e+003 -3.1032636e-002 -3.1391171e-001  2.5184644e-001
  1.5540000e+003 -5.1595810e-002 -3.3447488e-001  2.3128326e-001
  1.5550000e+003 -7.6797933e-002 -3.5967701e-001  2.0608114e-001
  1.5560000e+003 -1.0106256e-001 -3.8394163e-001  1.8181651e-001
  1.5570000e+003 -1.1936521e-001 -4.0224428e-001  1.6351386e-001
  1.5580000e+003 -1.2815833e-001 -4.1103740e-001  1.5472074e-001
  1.5590000e+003 -1.2605280e-001 -4.0893187e-001  1.5682627e-001
  1.5600000e+003 -1.1413210e-001 -3.9701117e-001  1.6874697e-001
  1.5610000e+003 -9.5784965e-002 -3.7866404e-001  1.8709411e-001
  1.5620000e+003 -7.6002881e-002 -3.5888196e-001  2.0687619e-001
  1.5630000e+003 -6.0213293e-002 -3.4309237e-001  2.2266578e-001
  1.5640000e+003 -5.2879695e-002 -3.3575877e-001  2.2999938e-001
  1.5650000e+003 -5.6235065e-002 -3.3911414e-001  2.2664401e-001
  1.5660000e+003 -6.9553994e-002 -3.5243307e-001  2.1332508e-001
  1.5670000e+003 -8.9265164e-002 -3.7214424e-001  1.9361391e-001
  1.5680000e+003 -1.0996724e-001 -3.9284631e-001  1.7291183e-001
  1.5690000e+003 -1.2610651e-001 -4.0898558e-001  1.5677256e-001
  1.5700000e+003 -1.3381345e-001 -4.1669252e-001  1.4906562e-001
  1.5710000e+003 -1.3228544e-001 -4.1516451e-001  1.5059363e-001
  1.5720000e+003 -1.2420618e-001 -4.0708525e-001  1.5867289e-001
  1.5730000e+003 -1.1498975e-001 -3.9786882e-001  1.6788932e-001
  1.5740000e+003 -1.1103650e-001 -3.9391557e-001  1.7184257e-001
  1.5750000e+003 -1.1754605e-001 -4.0042512e-001  1.6533302e-001
  1.5760000e+003 -1.3661788e-001 -4.1949695e-001  1.4626119e-001
  1.5770000e+003 -1.6630532e-001 -4.4918439e-001  1.1657375e-001
  1.5780000e+003 -2.0098944e-001 -4.8386851e-001  8.1889635e-002
  1.5790000e+003 -2.3300163e-001 -5.1588070e-001  4.9877445e-002
  1.5800000e+003 -2.5499981e-001 -5.3787888e-001  2.7879265e-002
  1.5810000e+003 -2.6233570e-001 -5.4521477e-001  2.0543375e-002
  1.5820000e+003 -2.5463377e-001 -5.3751284e-001  2.8245305e-002
  1.5830000e+003 -2.3604197e-001 -5.1892104e-001  4.6837105e-002
  1.5840000e+003 -2.1403299e-001 -4.9691206e-001  6.8846085e-002
  1.5850000e+003 -1.9709949e-001 -4.7997856e-001  8.5779585e-002
  1.5860000e+003 -1.9204974e-001 -4.7492881e-001  9.0829335e-002
  1.5870000e+003 -2.0175814e-001 -4.8463721e-001  8.1120935e-002
  1.5880000e+003 -2.2410937e-001 -5.0698844e-001  5.8769705e-002
  1.5890000e+003 -2.5252475e-001 -5.3540382e-001  3.0354325e-002
  1.5900000e+003 -2.7797480e-001 -5.6085387e-001  4.9042747e-003
  1.5910000e+003 -2.9190531e-001 -5.7478438e-001 -9.0262353e-003
  1.5920000e+003 -2.8918384e-001 -5.7206291e-001 -6.3047653e-003
  1.5930000e+003 -2.7011732e-001 -5.5299639e-001  1.2761755e-002
  1.5940000e+003 -2.4083516e-001 -5.2371423e-001  4.2043915e-002
  1.5950000e+003 -2.1181742e-001 -4.9469649e-001  7.1061655e-002
  1.5960000e+003 -1.9493358e-001 -4.7781265e-001  8.7945495e-002
  1.5970000e+003 -1.9985842e-001 -4.8273749e-001  8.3020655e-002
  1.5980000e+003 -2.3097573e-001 -5.1385480e-001  5.1903345e-002
  1.5990000e+003 -2.8577124e-001 -5.6865031e-001 -2.8921653e-003
  1.6000000e+003 -3.6143636e-001 -6.0935204e-001 -1.1352068e-001
  1.6010000e+003 -3.8897783e-001 -6.3689351e-001 -1.4106215e-001
  1.6020000e+003 -4.1241459e-001 -6.6033027e-001 -1.6449891e-001
  1.6030000e+003 -4.2807319e-001 -6.7598887e-001 -1.8015751e-001
  1.6040000e+003 -4.3478400e-001 -6.8269968e-001 -1.8686832e-001
  1.6050000e+003 -4.3433511e-001 -6.8225079e-001 -1.8641943e-001
  1.6060000e+003 -4.3092354e-001 -6.7883922e-001 -1.8300786e-001
  1.6070000e+003 -4.2977207e-001 -6.7768775e-001 -1.8185639e-001
  1.6080000e+003 -4.3535831e-001 -6.8327399e-001 -1.8744263e-001
  1.6090000e+003 -4.4983482e-001 -6.9775050e-001 -2.0191914e-001
  1.6100000e+003 -4.7216167e-001 -7.2007735e-001 -2.2424599e-001
  1.6110000e+003 -4.9824571e-001 -7.4616139e-001 -2.5033003e-001
  1.6120000e+003 -5.2205798e-001 -7.6997366e-001 -2.7414230e-001
  1.6130000e+003 -5.3738626e-001 -7.8530194e-001 -2.8947058e-001
  1.6140000e+003 -5.3967447e-001 -7.8759015e-001 -2.9175879e-001
  1.6150000e+003 -5.2737099e-001 -7.7528667e-001 -2.7945531e-001
  1.6160000e+003 -5.0236403e-001 -7.5027971e-001 -2.5444835e-001
  1.6170000e+003 -4.6937302e-001 -7.1728870e-001 -2.2145734e-001
  1.6180000e+003 -4.3449798e-001 -6.8241366e-001 -1.8658230e-001
  1.6190000e+003 -4.0339429e-001 -6.5130997e-001 -1.5547861e-001
  1.6200000e+003 -3.7965306e-001 -6.2756874e-001 -1.3173738e-001
  1.6210000e+003 -3.6389091e-001 -6.1180659e-001 -1.1597523e-001
  1.6220000e+003 -3.5381376e-001 -6.0172944e-001 -1.0589808e-001
  1.6230000e+003 -3.4519991e-001 -5.9311559e-001 -9.7284231e-002
  1.6240000e+003 -3.3345406e-001 -5.8136974e-001 -8.5538381e-002
  1.6250000e+003 -3.1521525e-001 -5.6313093e-001 -6.7299571e-002
  1.6260000e+003 -2.8950866e-001 -5.3742434e-001 -4.1592981e-002
  1.6270000e+003 -2.5810623e-001 -5.0602191e-001 -1.0190551e-002
  1.6280000e+003 -2.2503578e-001 -4.7295146e-001  2.2879899e-002
  1.6290000e+003 -1.9545458e-001 -4.4337026e-001  5.2461099e-002
  1.6300000e+003 -1.7428687e-001 -4.2220255e-001  7.3628809e-002
  1.6310000e+003 -1.6505931e-001 -4.1297499e-001  8.2856369e-002
  1.6320000e+003 -1.6925533e-001 -4.1717101e-001  7.8660349e-002
  1.6330000e+003 -1.8630097e-001 -4.3421665e-001  6.1614709e-002
  1.6340000e+003 -2.1407397e-001 -4.6198965e-001  3.3841709e-002
  1.6350000e+003 -2.4967215e-001 -4.9758783e-001 -1.7564705e-003
  1.6360000e+003 -2.9013476e-001 -5.3805044e-001 -4.2219081e-002
  1.6370000e+003 -3.3288154e-001 -5.8079722e-001 -8.4965861e-002
  1.6380000e+003 -3.7578126e-001 -6.2369694e-001 -1.2786558e-001
  1.6390000e+003 -4.1692180e-001 -6.6483748e-001 -1.6900612e-001
  1.6400000e+003 -4.5426896e-001 -7.0218464e-001 -2.0635328e-001
  1.6410000e+003 -4.8543329e-001 -7.3334897e-001 -2.3751761e-001
  1.6420000e+003 -5.0770881e-001 -7.5562449e-001 -2.5979313e-001
  1.6430000e+003 -5.1842960e-001 -7.6634528e-001 -2.7051392e-001
  1.6440000e+003 -5.1555478e-001 -7.6347046e-001 -2.6763910e-001
  1.6450000e+003 -4.9828868e-001 -7.4620436e-001 -2.5037300e-001
  1.6460000e+003 -4.6750645e-001 -7.1542213e-001 -2.1959077e-001
  1.6470000e+003 -4.2580111e-001 -6.7371679e-001 -1.7788543e-001
  1.6480000e+003 -3.7708249e-001 -6.2499817e-001 -1.2916681e-001
  1.6490000e+003 -3.2580431e-001 -5.7371999e-001 -7.7888631e-002
  1.6500000e+003 -2.7602643e-001 -5.2394211e-001 -2.8110751e-002
  1.6510000e+003 -2.3058747e-001 -4.7850315e-001  1.7328209e-002
  1.6520000e+003 -1.9064412e-001 -4.3855980e-001  5.7271559e-002
  1.6530000e+003 -1.5572725e-001 -4.0364293e-001  9.2188429e-002
  1.6540000e+003 -1.2430431e-001 -3.7221999e-001  1.2361137e-001
  1.6550000e+003 -9.4672019e-002 -3.4258770e-001  1.5324366e-001
  1.6560000e+003 -6.5889699e-002 -3.1380538e-001  1.8202598e-001
  1.6570000e+003 -3.8439783e-002 -2.8635546e-001  2.0947590e-001
  1.6580000e+003 -1.4380603e-002 -2.6229628e-001  2.3353508e-001
  1.6590000e+003  3.0855454e-003 -2.4483013e-001  2.5100122e-001
  1.6600000e+003  1.0517067e-002 -2.3739861e-001  2.5843275e-001
  1.6610000e+003  5.3381487e-003 -2.4257753e-001  2.5325383e-001
  1.6620000e+003 -1.3206905e-002 -2.6112258e-001  2.3470877e-001
  1.6630000e+003 -4.3570317e-002 -2.9148600e-001  2.0434536e-001
  1.6640000e+003 -8.2072661e-002 -3.2998834e-001  1.6584302e-001
  1.6650000e+003 -1.2371152e-001 -3.7162720e-001  1.2420416e-001
  1.6660000e+003 -1.6338151e-001 -4.1129719e-001  8.4534169e-002
  1.6670000e+003 -1.9713608e-001 -4.4505176e-001  5.0779599e-002
  1.6680000e+003 -2.2309218e-001 -4.7100786e-001  2.4823499e-002
  1.6690000e+003 -2.4168187e-001 -4.8959755e-001  6.2338095e-003
  1.6700000e+003 -2.5516407e-001 -5.0307975e-001 -7.2483905e-003
  1.6710000e+003 -2.6655941e-001 -5.1447509e-001 -1.8643731e-002
  1.6720000e+003 -2.7837631e-001 -5.2629199e-001 -3.0460631e-002
  1.6730000e+003 -2.9157981e-001 -5.3949549e-001 -4.3664131e-002
  1.6740000e+003 -3.0517796e-001 -5.5309364e-001 -5.7262281e-002
  1.6750000e+003 -3.1658260e-001 -5.6449828e-001 -6.8666921e-002
  1.6760000e+003 -3.2261453e-001 -5.7053021e-001 -7.4698851e-002
  1.6770000e+003 -3.2077502e-001 -5.6869070e-001 -7.2859341e-002
  1.6780000e+003 -3.1029273e-001 -5.5820841e-001 -6.2377051e-002
  1.6790000e+003 -2.9253096e-001 -5.4044664e-001 -4.4615281e-002
  1.6800000e+003 -2.7058223e-001 -5.1849791e-001 -2.2666551e-002
  1.6810000e+003 -2.4819841e-001 -4.9611409e-001 -2.8273055e-004
  1.6820000e+003 -2.2847731e-001 -4.7639299e-001  1.9438369e-002
  1.6830000e+003 -2.1283917e-001 -4.6075485e-001  3.5076509e-002
  1.6840000e+003 -2.0072455e-001 -4.4864023e-001  4.7191129e-002
  1.6850000e+003 -1.9016216e-001 -4.3807784e-001  5.7753519e-002
  1.6860000e+003 -1.7899820e-001 -4.2691388e-001  6.8917479e-002
  1.6870000e+003 -1.6629158e-001 -4.1420726e-001  8.1624099e-002
  1.6880000e+003 -1.5328097e-001 -4.0119665e-001  9.4634709e-002
  1.6890000e+003 -1.4346874e-001 -3.9138442e-001  1.0444694e-001
  1.6900000e+003 -1.4169605e-001 -3.8961173e-001  1.0621963e-001
  1.6910000e+003 -1.5248045e-001 -4.0039613e-001  9.5435229e-002
  1.6920000e+003 -1.7819639e-001 -4.2611207e-001  6.9719289e-002
  1.6930000e+003 -2.1777834e-001 -4.6569402e-001  3.0137339e-002
  1.6940000e+003 -2.6646852e-001 -5.1438420e-001 -1.8552841e-002
  1.6950000e+003 -3.1677125e-001 -5.6468693e-001 -6.8855571e-002
  1.6960000e+003 -3.6034422e-001 -6.0825990e-001 -1.1242854e-001
  1.6970000e+003 -3.9021469e-001 -6.3813037e-001 -1.4229901e-001
  1.6980000e+003 -4.0258448e-001 -6.5050016e-001 -1.5466880e-001
  1.6990000e+003 -3.9762948e-001 -6.4554516e-001 -1.4971380e-001
  1.7000000e+003 -3.0673369e-001 -6.0661980e-001 -6.8475772e-003
  1.7010000e+003 -2.8846215e-001 -5.8834826e-001  1.1423963e-002
  1.7020000e+003 -2.7347954e-001 -5.7336565e-001  2.6406573e-002
  1.7030000e+003 -2.6414648e-001 -5.6403259e-001  3.5739633e-002
  1.7040000e+003 -2.6049081e-001 -5.6037692e-001  3.9395303e-002
  1.7050000e+003 -2.5997278e-001 -5.5985889e-001  3.9913333e-002
  1.7060000e+003 -2.5818390e-001 -5.5807001e-001  4.1702213e-002
  1.7070000e+003 -2.5028444e-001 -5.5017055e-001  4.9601673e-002
  1.7080000e+003 -2.3272325e-001 -5.3260936e-001  6.7162863e-002
  1.7090000e+003 -2.0467029e-001 -5.0455640e-001  9.5215823e-002
  1.7100000e+003 -1.6866743e-001 -4.6855354e-001  1.3121868e-001
  1.7110000e+003 -1.3024307e-001 -4.3012918e-001  1.6964304e-001
  1.7120000e+003 -9.6563105e-002 -3.9644922e-001  2.0332301e-001
  1.7130000e+003 -7.4499426e-002 -3.7438554e-001  2.2538669e-001
  1.7140000e+003 -6.8686064e-002 -3.6857218e-001  2.3120005e-001
  1.7150000e+003 -8.0143831e-002 -3.8002994e-001  2.1974228e-001
  1.7160000e+003 -1.0588444e-001 -4.0577055e-001  1.9400167e-001
  1.7170000e+003 -1.3961105e-001 -4.3949716e-001  1.6027506e-001
  1.7180000e+003 -1.7330832e-001 -4.7319443e-001  1.2657779e-001
  1.7190000e+003 -1.9926154e-001 -4.9914765e-001  1.0062457e-001
  1.7200000e+003 -2.1193469e-001 -5.1182080e-001  8.7951423e-002
  1.7210000e+003 -2.0919835e-001 -5.0908446e-001  9.0687763e-002
  1.7220000e+003 -1.9260301e-001 -4.9248912e-001  1.0728310e-001
  1.7230000e+003 -1.6667450e-001 -4.6656061e-001  1.3321161e-001
  1.7240000e+003 -1.3748080e-001 -4.3736691e-001  1.6240531e-001
  1.7250000e+003 -1.1090788e-001 -4.1079399e-001  1.8897823e-001
  1.7260000e+003 -9.1137753e-002 -3.9102387e-001  2.0874836e-001
  1.7270000e+003 -7.9738656e-002 -3.7962477e-001  2.2014746e-001
  1.7280000e+003 -7.5584416e-002 -3.7547053e-001  2.2430170e-001
  1.7290000e+003 -7.5577406e-002 -3.7546352e-001  2.2430871e-001
  1.7300000e+003 -7.5924441e-002 -3.7581055e-001  2.2396167e-001
  1.7310000e+003 -7.3568419e-002 -3.7345453e-001  2.2631769e-001
  1.7320000e+003 -6.7346796e-002 -3.6723291e-001  2.3253932e-001
  1.7330000e+003 -5.8534991e-002 -3.5842110e-001  2.4135112e-001
  1.7340000e+003 -5.0611581e-002 -3.5049769e-001  2.4927453e-001
  1.7350000e+003 -4.8301839e-002 -3.4818795e-001  2.5158427e-001
  1.7360000e+003 -5.6158245e-002 -3.5604436e-001  2.4372787e-001
  1.7370000e+003 -7.7068136e-002 -3.7695425e-001  2.2281798e-001
  1.7380000e+003 -1.1110687e-001 -4.1099298e-001  1.8877924e-001
  1.7390000e+003 -1.5507280e-001 -4.5495891e-001  1.4481331e-001
  1.7400000e+003 -2.0286857e-001 -5.0275468e-001  9.7017543e-002
  1.7410000e+003 -2.4667531e-001 -5.4656142e-001  5.3210803e-002
  1.7420000e+003 -2.7865629e-001 -5.7854240e-001  2.1229823e-002
  1.7430000e+003 -2.9277913e-001 -5.9266524e-001  7.1069828e-003
  1.7440000e+003 -2.8629962e-001 -5.8618573e-001  1.3586493e-002
  1.7450000e+003 -2.6052004e-001 -5.6040615e-001  3.9366073e-002
  1.7460000e+003 -2.2060589e-001 -5.2049200e-001  7.9280223e-002
  1.7470000e+003 -1.7447642e-001 -4.7436253e-001  1.2540969e-001
  1.7480000e+003 -1.3101883e-001 -4.3090494e-001  1.6886728e-001
  1.7490000e+003 -9.8053852e-002 -3.9793996e-001  2.0183226e-001
  1.7500000e+003 -8.0554869e-002 -3.8044098e-001  2.1933124e-001
  1.7510000e+003 -7.9570660e-002 -3.7945677e-001  2.2031545e-001
  1.7520000e+003 -9.2132496e-002 -3.9201861e-001  2.0775362e-001
  1.7530000e+003 -1.1217785e-001 -4.1206396e-001  1.8770826e-001
  1.7540000e+003 -1.3225771e-001 -4.3214382e-001  1.6762840e-001
  1.7550000e+003 -1.4558153e-001 -4.4546764e-001  1.5430458e-001
  1.7560000e+003 -1.4785429e-001 -4.4774040e-001  1.5203182e-001
  1.7570000e+003 -1.3840637e-001 -4.3829248e-001  1.6147974e-001
  1.7580000e+003 -1.2030425e-001 -4.2019036e-001  1.7958186e-001
  1.7590000e+003 -9.9410565e-002 -3.9929668e-001  2.0047555e-001
  1.7600000e+003 -8.2658901e-002 -3.8254501e-001  2.1722721e-001
  1.7610000e+003 -7.6033669e-002 -3.7591978e-001  2.2385244e-001
  1.7620000e+003 -8.2830441e-002 -3.8271655e-001  2.1705567e-001
  1.7630000e+003 -1.0268727e-001 -4.0257338e-001  1.9719884e-001
  1.7640000e+003 -1.3164785e-001 -4.3153396e-001  1.6823826e-001
  1.7650000e+003 -1.6321260e-001 -4.6309871e-001  1.3667351e-001
  1.7660000e+003 -1.9004906e-001 -4.8993517e-001  1.0983705e-001
  1.7670000e+003 -2.0585498e-001 -5.0574109e-001  9.4031133e-002
  1.7680000e+003 -2.0684920e-001 -5.0673531e-001  9.3036913e-002
  1.7690000e+003 -1.9250464e-001 -4.9239075e-001  1.0738147e-001
  1.7700000e+003 -1.6538490e-001 -4.6527101e-001  1.3450121e-001
  1.7710000e+003 -1.3021642e-001 -4.3010253e-001  1.6966969e-001
  1.7720000e+003 -9.2537534e-002 -3.9242365e-001  2.0734858e-001
  1.7730000e+003 -5.7352133e-002 -3.5723825e-001  2.4253398e-001
  1.7740000e+003 -2.8162230e-002 -3.2804834e-001  2.7172388e-001
  1.7750000e+003 -6.5903140e-003 -3.0647643e-001  2.9329580e-001
  1.7760000e+003  7.4086751e-003 -2.9247744e-001  3.0729479e-001
  1.7770000e+003  1.4930767e-002 -2.8495535e-001  3.1481688e-001
  1.7780000e+003  1.7387439e-002 -2.8249867e-001  3.1727355e-001
  1.7790000e+003  1.5928245e-002 -2.8395787e-001  3.1581436e-001
  1.7800000e+003  1.1195596e-002 -2.8869052e-001  3.1108171e-001
  1.7810000e+003  3.4336401e-003 -2.9645247e-001  3.0331975e-001
  1.7820000e+003 -7.1689793e-003 -3.0705509e-001  2.9271713e-001
  1.7830000e+003 -2.0104530e-002 -3.1999064e-001  2.7978158e-001
  1.7840000e+003 -3.4337550e-002 -3.3422366e-001  2.6554856e-001
  1.7850000e+003 -4.8376705e-002 -3.4826282e-001  2.5150941e-001
  1.7860000e+003 -6.0614419e-002 -3.6050053e-001  2.3927169e-001
  1.7870000e+003 -6.9800637e-002 -3.6968675e-001  2.3008548e-001
  1.7880000e+003 -7.5449948e-002 -3.7533606e-001  2.2443616e-001
  1.7890000e+003 -7.7995328e-002 -3.7788144e-001  2.2189078e-001
  1.7900000e+003 -7.8594182e-002 -3.7848029e-001  2.2129193e-001
  1.7910000e+003 -7.8629868e-002 -3.7851598e-001  2.2125624e-001
  1.7920000e+003 -7.9082123e-002 -3.7896824e-001  2.2080399e-001
  1.7930000e+003 -8.0010321e-002 -3.7989643e-001  2.1987579e-001
  1.7940000e+003 -8.0372587e-002 -3.8025870e-001  2.1951353e-001
  1.7950000e+003 -7.8293777e-002 -3.7817989e-001  2.2159234e-001
  1.7960000e+003 -7.1733876e-002 -3.7161999e-001  2.2815224e-001
  1.7970000e+003 -5.9354739e-002 -3.5924085e-001  2.4053137e-001
  1.7980000e+003 -4.1295536e-002 -3.4118165e-001  2.5859058e-001
  1.7990000e+003 -1.9580343e-002 -3.1946646e-001  2.8030577e-001
  1.8000000e+003  1.5343366e-003 -2.7466216e-001  2.7773083e-001
  1.8010000e+003  1.2764721e-003 -2.7492002e-001  2.7747297e-001
  1.8020000e+003 -5.0180905e-003 -2.8121459e-001  2.7117840e-001
  1.8030000e+003 -2.1154447e-002 -2.9735094e-001  2.5504205e-001
  1.8040000e+003 -4.9838333e-002 -3.2603483e-001  2.2635816e-001
  1.8050000e+003 -9.1897971e-002 -3.6809447e-001  1.8429852e-001
  1.8060000e+003 -1.4587137e-001 -4.2206786e-001  1.3032512e-001
  1.8070000e+003 -2.0806762e-001 -4.8426411e-001  6.8128875e-002
  1.8080000e+003 -2.7310771e-001 -5.4930420e-001  3.0887849e-003
  1.8090000e+003 -3.3484539e-001 -6.1104188e-001 -5.8648895e-002
  1.8100000e+003 -3.8748180e-001 -6.6367829e-001 -1.1128531e-001
  1.8110000e+003 -4.2663598e-001 -7.0283247e-001 -1.5043949e-001
  1.8120000e+003 -4.5013007e-001 -7.2632656e-001 -1.7393358e-001
  1.8130000e+003 -4.5829909e-001 -7.3449558e-001 -1.8210260e-001
  1.8140000e+003 -4.5373546e-001 -7.2993195e-001 -1.7753897e-001
  1.8150000e+003 -4.4051415e-001 -7.1671064e-001 -1.6431766e-001
  1.8160000e+003 -4.2308332e-001 -6.9927981e-001 -1.4688683e-001
  1.8170000e+003 -4.0511085e-001 -6.8130734e-001 -1.2891436e-001
  1.8180000e+003 -3.8861216e-001 -6.6480865e-001 -1.1241567e-001
  1.8190000e+003 -3.7362561e-001 -6.4982210e-001 -9.7429115e-002
  1.8200000e+003 -3.5855379e-001 -6.3475028e-001 -8.2357295e-002
  1.8210000e+003 -3.4108761e-001 -6.1728410e-001 -6.4891115e-002
  1.8220000e+003 -3.1943479e-001 -5.9563128e-001 -4.3238295e-002
  1.8230000e+003 -2.9345164e-001 -5.6964813e-001 -1.7255145e-002
  1.8240000e+003 -2.6527643e-001 -5.4147292e-001  1.0920065e-002
  1.8250000e+003 -2.3919599e-001 -5.1539248e-001  3.7000505e-002
  1.8260000e+003 -2.2071039e-001 -4.9690688e-001  5.5486105e-002
  1.8270000e+003 -2.1502383e-001 -4.9122032e-001  6.1172665e-002
  1.8280000e+003 -2.2539520e-001 -5.0159169e-001  5.0801295e-002
  1.8290000e+003 -2.5186011e-001 -5.2805660e-001  2.4336385e-002
  1.8300000e+003 -2.9075289e-001 -5.6694938e-001 -1.4556395e-002
  1.8310000e+003 -3.3523576e-001 -6.1143225e-001 -5.9039265e-002
  1.8320000e+003 -3.7674636e-001 -6.5294285e-001 -1.0054987e-001
  1.8330000e+003 -4.0699801e-001 -6.8319450e-001 -1.3080152e-001
  1.8340000e+003 -4.1999331e-001 -6.9618980e-001 -1.4379682e-001
  1.8350000e+003 -4.1349586e-001 -6.8969235e-001 -1.3729937e-001
  1.8360000e+003 -3.8955081e-001 -6.6574730e-001 -1.1335432e-001
  1.8370000e+003 -3.5390867e-001 -6.3010516e-001 -7.7712175e-002
  1.8380000e+003 -3.1450929e-001 -5.9070578e-001 -3.8312795e-002
  1.8390000e+003 -2.7943669e-001 -5.5563318e-001 -3.2401951e-003
  1.8400000e+003 -2.5489070e-001 -5.3108719e-001  2.1305795e-002
  1.8410000e+003 -2.4370391e-001 -5.1990040e-001  3.2492585e-002
  1.8420000e+003 -2.4477487e-001 -5.2097136e-001  3.1421625e-002
  1.8430000e+003 -2.5353870e-001 -5.2973519e-001  2.2657795e-002
  1.8440000e+003 -2.6332493e-001 -5.3952142e-001  1.2871565e-002
  1.8450000e+003 -2.6723028e-001 -5.4342677e-001  8.9662149e-003
  1.8460000e+003 -2.6001356e-001 -5.3621005e-001  1.6182935e-002
  1.8470000e+003 -2.3952844e-001 -5.1572493e-001  3.6668055e-002
  1.8480000e+003 -2.0733890e-001 -4.8353539e-001  6.8857595e-002
  1.8490000e+003 -1.6837947e-001 -4.4457596e-001  1.0781702e-001
  1.8500000e+003 -1.3822176e-001             NaN             NaN
