  5.0000000e+002 -2.8293637e-001 -7.9726607e-001  2.3139333e-001
  5.0100000e+002 -3.1161100e-001 -8.2594070e-001  2.0271870e-001
  5.0200000e+002 -3.5221283e-001 -8.6654253e-001  1.6211687e-001
  5.0300000e+002 -3.9431780e-001 -9.0864750e-001  1.2001190e-001
  5.0400000e+002 -4.2718576e-001 -9.4151546e-001  8.7143935e-002
  5.0500000e+002 -4.4175315e-001 -9.5608285e-001  7.2576545e-002
  5.0600000e+002 -4.3236271e-001 -9.4669241e-001  8.1966985e-002
  5.0700000e+002 -3.9795822e-001 -9.1228792e-001  1.1637148e-001
  5.0800000e+002 -3.4255485e-001 -8.5688455e-001  1.7177485e-001
  5.0900000e+002 -2.7488496e-001 -7.8921466e-001  2.3944474e-001
  5.1000000e+002 -2.0721191e-001 -7.2154161e-001  3.0711779e-001
  5.1100000e+002 -1.5340386e-001 -6.6773356e-001  3.6092584e-001
  5.1200000e+002 -1.2647572e-001 -6.4080542e-001  3.8785398e-001
  5.1300000e+002 -1.3593685e-001 -6.5026655e-001  3.7839285e-001
  5.1400000e+002 -1.8540357e-001 -6.9973327e-001  3.2892613e-001
  5.1500000e+002 -2.7100406e-001 -7.8533376e-001  2.4332564e-001
  5.1600000e+002 -3.8106701e-001 -8.9539671e-001  1.3326269e-001
  5.1700000e+002 -4.9740801e-001 -1.0117377e+000  1.6921685e-002
  5.1800000e+002 -5.9821177e-001 -1.1125415e+000 -8.3882075e-002
  5.1900000e+002 -6.6211052e-001 -1.1764402e+000 -1.4778082e-001
  5.2000000e+002 -6.7268515e-001 -1.1870148e+000 -1.5835545e-001
  5.2100000e+002 -6.2238718e-001 -1.1367169e+000 -1.0805748e-001
  5.2200000e+002 -5.1489701e-001 -1.0292267e+000 -5.6731470e-004
  5.2300000e+002 -3.6522584e-001 -8.7955554e-001  1.4910386e-001
  5.2400000e+002 -1.9738014e-001 -7.1170984e-001  3.1694956e-001
  5.2500000e+002 -4.0002258e-002 -5.5433195e-001  4.7432744e-001
  5.2600000e+002  7.9092198e-002 -4.3523750e-001  5.9342189e-001
  5.2700000e+002  1.3828808e-001 -3.7604162e-001  6.5261778e-001
  5.2800000e+002  1.2630145e-001 -3.8802825e-001  6.4063115e-001
  5.2900000e+002  4.4235780e-002 -4.7009392e-001  5.5856548e-001
  5.3000000e+002 -9.4770042e-002 -6.0909974e-001  4.1955965e-001
  5.3100000e+002 -2.6810993e-001 -7.8243963e-001  2.4621977e-001
  5.3200000e+002 -4.4788316e-001 -9.6221286e-001  6.6446535e-002
  5.3300000e+002 -6.0582109e-001 -1.1201508e+000 -9.1491395e-002
  5.3400000e+002 -7.1807198e-001 -1.2324017e+000 -2.0374228e-001
  5.3500000e+002 -7.6905398e-001 -1.2833837e+000 -2.5472428e-001
  5.3600000e+002 -7.5379045e-001 -1.2681201e+000 -2.3946075e-001
  5.3700000e+002 -6.7839755e-001 -1.1927272e+000 -1.6406785e-001
  5.3800000e+002 -5.5867786e-001 -1.0730076e+000 -4.4348165e-002
  5.3900000e+002 -4.1706960e-001 -9.3139930e-001  9.7260095e-002
  5.4000000e+002 -2.7848358e-001 -7.9281328e-001  2.3584612e-001
  5.4100000e+002 -1.6578402e-001 -6.8011372e-001  3.4854568e-001
  5.4200000e+002 -9.5774098e-002 -6.1010379e-001  4.1855560e-001
  5.4300000e+002 -7.6479686e-002 -5.9080938e-001  4.3785001e-001
  5.4400000e+002 -1.0627048e-001 -6.2060018e-001  4.0805922e-001
  5.4500000e+002 -1.7495664e-001 -6.8928634e-001  3.3937306e-001
  5.4600000e+002 -2.6654576e-001 -7.8087546e-001  2.4778394e-001
  5.4700000e+002 -3.6296149e-001 -8.7729119e-001  1.5136821e-001
  5.4800000e+002 -4.4782236e-001 -9.6215206e-001  6.6507335e-002
  5.4900000e+002 -5.0941554e-001 -1.0237452e+000  4.9141553e-003
  5.5000000e+002 -5.4226232e-001 -1.0565920e+000 -2.7932625e-002
  5.5100000e+002 -5.4707733e-001 -1.0614070e+000 -3.2747635e-002
  5.5200000e+002 -5.2934935e-001 -1.0436790e+000 -1.5019655e-002
  5.5300000e+002 -4.9709555e-001 -1.0114252e+000  1.7234145e-002
  5.5400000e+002 -4.5848265e-001 -9.7281235e-001  5.5847045e-002
  5.5500000e+002 -4.1994502e-001 -9.3427472e-001  9.4384675e-002
  5.5600000e+002 -3.8520505e-001 -8.9953475e-001  1.2912465e-001
  5.5700000e+002 -3.5529599e-001 -8.6962569e-001  1.5903371e-001
  5.5800000e+002 -3.2939749e-001 -8.4372719e-001  1.8493221e-001
  5.5900000e+002 -3.0609538e-001 -8.2042508e-001  2.0823432e-001
  5.6000000e+002 -2.8460959e-001 -7.9893929e-001  2.2972011e-001
  5.6100000e+002 -2.6559734e-001 -7.7992704e-001  2.4873236e-001
  5.6200000e+002 -2.5129858e-001 -7.6562828e-001  2.6303112e-001
  5.6300000e+002 -2.4499576e-001 -7.5932546e-001  2.6933394e-001
  5.6400000e+002 -2.4995639e-001 -7.6428609e-001  2.6437331e-001
  5.6500000e+002 -2.6817049e-001 -7.8250019e-001  2.4615921e-001
  5.6600000e+002 -2.9925757e-001 -8.1358727e-001  2.1507213e-001
  5.6700000e+002 -3.3988836e-001 -8.5421806e-001  1.7444134e-001
  5.6800000e+002 -3.8395156e-001 -8.9828126e-001  1.3037814e-001
  5.6900000e+002 -4.2351589e-001 -9.3784559e-001  9.0813805e-002
  5.7000000e+002 -4.5042991e-001 -9.6475961e-001  6.3899785e-002
  5.7100000e+002 -4.5821215e-001 -9.7254185e-001  5.6117545e-002
  5.7200000e+002 -4.4376501e-001 -9.5809471e-001  7.0564685e-002
  5.7300000e+002 -4.0843881e-001 -9.2276851e-001  1.0589089e-001
  5.7400000e+002 -3.5809753e-001 -8.7242723e-001  1.5623217e-001
  5.7500000e+002 -3.0207608e-001 -8.1640578e-001  2.1225362e-001
  5.7600000e+002 -2.5121444e-001 -7.6554414e-001  2.6311526e-001
  5.7700000e+002 -2.1542127e-001 -7.2975097e-001  2.9890843e-001
  5.7800000e+002 -2.0137473e-001 -7.1570443e-001  3.1295497e-001
  5.7900000e+002 -2.1095340e-001 -7.2528310e-001  3.0337630e-001
  5.8000000e+002 -2.4080357e-001 -7.5513327e-001  2.7352613e-001
  5.8100000e+002 -2.8314369e-001 -7.9747339e-001  2.3118601e-001
  5.8200000e+002 -3.2757830e-001 -8.4190800e-001  1.8675140e-001
  5.8300000e+002 -3.6344245e-001 -8.7777215e-001  1.5088725e-001
  5.8400000e+002 -3.8209549e-001 -8.9642519e-001  1.3223421e-001
  5.8500000e+002 -3.7864628e-001 -8.9297598e-001  1.3568342e-001
  5.8600000e+002 -3.5278265e-001 -8.6711235e-001  1.6154705e-001
  5.8700000e+002 -3.0862251e-001 -8.2295221e-001  2.0570719e-001
  5.8800000e+002 -2.5372465e-001 -7.6805435e-001  2.6060505e-001
  5.8900000e+002 -1.9754177e-001 -7.1187147e-001  3.1678793e-001
  5.9000000e+002 -1.4965177e-001 -6.6398147e-001  3.6467793e-001
  5.9100000e+002 -1.1808167e-001 -6.3241137e-001  3.9624803e-001
  5.9200000e+002 -1.0797598e-001 -6.2230568e-001  4.0635372e-001
  5.9300000e+002 -1.2078488e-001 -6.3511458e-001  3.9354482e-001
  5.9400000e+002 -1.5407133e-001 -6.6840103e-001  3.6025837e-001
  5.9500000e+002 -2.0195925e-001 -7.1628895e-001  3.1237045e-001
  5.9600000e+002 -2.5616275e-001 -7.7049245e-001  2.5816695e-001
  5.9700000e+002 -3.0744828e-001 -8.2177798e-001  2.0688142e-001
  5.9800000e+002 -3.4729978e-001 -8.6162948e-001  1.6702992e-001
  5.9900000e+002 -3.6950124e-001 -8.8383094e-001  1.4482846e-001
  6.0000000e+002 -3.7134061e-001 -8.8567031e-001  1.4298909e-001
  6.0100000e+002 -3.5418595e-001 -8.6851565e-001  1.6014375e-001
  6.0200000e+002 -3.2328572e-001 -8.3761542e-001  1.9104398e-001
  6.0300000e+002 -2.8678576e-001 -8.0111546e-001  2.2754394e-001
  6.0400000e+002 -2.5411020e-001 -7.6843990e-001  2.6021950e-001
  6.0500000e+002 -2.3399533e-001 -7.4832503e-001  2.8033437e-001
  6.0600000e+002 -2.3256468e-001 -7.4689438e-001  2.8176502e-001
  6.0700000e+002 -2.5186496e-001 -7.6619466e-001  2.6246474e-001
  6.0800000e+002 -2.8922823e-001 -8.0355793e-001  2.2510147e-001
  6.0900000e+002 -3.3767973e-001 -8.5200943e-001  1.7664997e-001
  6.1000000e+002 -3.8739009e-001 -9.0171979e-001  1.2693961e-001
  6.1100000e+002 -4.2791448e-001 -9.4224418e-001  8.6415215e-002
  6.1200000e+002 -4.5073177e-001 -9.6506147e-001  6.3597925e-002
  6.1300000e+002 -4.5146171e-001 -9.6579141e-001  6.2867985e-002
  6.1400000e+002 -4.3115490e-001 -9.4548460e-001  8.3174795e-002
  6.1500000e+002 -3.9623748e-001 -9.1056718e-001  1.1809222e-001
  6.1600000e+002 -3.5702215e-001 -8.7135185e-001  1.5730755e-001
  6.1700000e+002 -3.2508828e-001 -8.3941798e-001  1.8924142e-001
  6.1800000e+002 -3.1017756e-001 -8.2450726e-001  2.0415214e-001
  6.1900000e+002 -3.1743725e-001 -8.3176695e-001  1.9689245e-001
  6.2000000e+002 -3.4579960e-001 -8.6012930e-001  1.6853010e-001
  6.2100000e+002 -3.8800699e-001 -9.0233669e-001  1.2632271e-001
  6.2200000e+002 -4.3234621e-001 -9.4667591e-001  8.1983485e-002
  6.2300000e+002 -4.6566703e-001 -9.7999673e-001  4.8662665e-002
  6.2400000e+002 -4.7687836e-001 -9.9120806e-001  3.7451335e-002
  6.2500000e+002 -4.5995925e-001 -9.7428895e-001  5.4370445e-002
  6.2600000e+002 -4.1564850e-001 -9.2997820e-001  9.8681195e-002
  6.2700000e+002 -3.5135163e-001 -8.6568133e-001  1.6297807e-001
  6.2800000e+002 -2.7931520e-001 -7.9364490e-001  2.3501450e-001
  6.2900000e+002 -2.1360814e-001 -7.2793784e-001  3.0072156e-001
  6.3000000e+002 -1.6676649e-001 -6.8109619e-001  3.4756321e-001
  6.3100000e+002 -1.4700788e-001 -6.6133758e-001  3.6732182e-001
  6.3200000e+002 -1.5669924e-001 -6.7102894e-001  3.5763046e-001
  6.3300000e+002 -1.9235186e-001 -7.0668156e-001  3.2197784e-001
  6.3400000e+002 -2.4596343e-001 -7.6029313e-001  2.6836627e-001
  6.3500000e+002 -3.0717854e-001 -8.2150824e-001  2.0715116e-001
  6.3600000e+002 -3.6559823e-001 -8.7992793e-001  1.4873147e-001
  6.3700000e+002 -4.1265691e-001 -9.2698661e-001  1.0167279e-001
  6.3800000e+002 -4.4273798e-001 -9.5706768e-001  7.1591715e-002
  6.3900000e+002 -4.5350054e-001 -9.6783024e-001  6.0829155e-002
  6.4000000e+002 -4.4562057e-001 -9.5995027e-001  6.8709125e-002
  6.4100000e+002 -4.2223482e-001 -9.3656452e-001  9.2094875e-002
  6.4200000e+002 -3.8831267e-001 -9.0264237e-001  1.2601703e-001
  6.4300000e+002 -3.5003374e-001 -8.6436344e-001  1.6429596e-001
  6.4400000e+002 -3.1411248e-001 -8.2844218e-001  2.0021722e-001
  6.4500000e+002 -2.8696735e-001 -8.0129705e-001  2.2736235e-001
  6.4600000e+002 -2.7370955e-001 -7.8803925e-001  2.4062015e-001
  6.4700000e+002 -2.7708693e-001 -7.9141663e-001  2.3724277e-001
  6.4800000e+002 -2.9667558e-001 -8.1100528e-001  2.1765412e-001
  6.4900000e+002 -3.2866882e-001 -8.4299852e-001  1.8566088e-001
  6.5000000e+002 -3.6651260e-001 -8.8084230e-001  1.4781710e-001
  6.5100000e+002 -4.0238644e-001 -9.1671614e-001  1.1194326e-001
  6.5200000e+002 -4.2921247e-001 -9.4354217e-001  8.5117225e-002
  6.5300000e+002 -4.4261433e-001 -9.5694403e-001  7.1715365e-002
  6.5400000e+002 -4.4216363e-001 -9.5649333e-001  7.2166065e-002
  6.5500000e+002 -4.3140723e-001 -9.4573693e-001  8.2922465e-002
  6.5600000e+002 -4.1654086e-001 -9.3087056e-001  9.7788835e-002
  6.5700000e+002 -4.0407101e-001 -9.1840071e-001  1.1025869e-001
  6.5800000e+002 -3.9822020e-001 -9.1254990e-001  1.1610950e-001
  6.5900000e+002 -3.9901624e-001 -9.1334594e-001  1.1531346e-001
  6.6000000e+002 -4.0186512e-001 -9.1619482e-001  1.1246458e-001
  6.6100000e+002 -3.9895032e-001 -9.1328002e-001  1.1537938e-001
  6.6200000e+002 -3.8216077e-001 -8.9649047e-001  1.3216893e-001
  6.6300000e+002 -3.4663881e-001 -8.6096851e-001  1.6769089e-001
  6.6400000e+002 -2.9368894e-001 -8.0801864e-001  2.2064076e-001
  6.6500000e+002 -2.3185718e-001 -7.4618688e-001  2.8247252e-001
  6.6600000e+002 -1.7550457e-001 -6.8983427e-001  3.3882513e-001
  6.6700000e+002 -1.4102028e-001 -6.5534998e-001  3.7330942e-001
  6.6800000e+002 -1.4168727e-001 -6.5601697e-001  3.7264243e-001
  6.6900000e+002 -1.8281737e-001 -6.9714707e-001  3.3151233e-001
  6.7000000e+002 -2.5886784e-001 -7.7319754e-001  2.5546186e-001
  6.7100000e+002 -3.5375162e-001 -8.6808132e-001  1.6057808e-001
  6.7200000e+002 -4.4457879e-001 -9.5890849e-001  6.9750905e-002
  6.7300000e+002 -5.0791851e-001 -1.0222482e+000  6.4111853e-003
  6.7400000e+002 -5.2674098e-001 -1.0410707e+000 -1.2411285e-002
  6.7500000e+002 -4.9583048e-001 -1.0101602e+000  1.8499215e-002
  6.7600000e+002 -4.2382332e-001 -9.3815302e-001  9.0506375e-002
  6.7700000e+002 -3.3103883e-001 -8.4536853e-001  1.8329087e-001
  6.7800000e+002 -2.4362003e-001 -7.5794973e-001  2.7070967e-001
  6.7900000e+002 -1.8573376e-001 -7.0006346e-001  3.2859594e-001
  6.8000000e+002 -1.7226808e-001 -6.8659778e-001  3.4206162e-001
  6.8100000e+002 -2.0435605e-001 -7.1868575e-001  3.0997365e-001
  6.8200000e+002 -2.6916999e-001 -7.8349969e-001  2.4515971e-001
  6.8300000e+002 -3.4405962e-001 -8.5838932e-001  1.7027008e-001
  6.8400000e+002 -4.0371126e-001 -9.1804096e-001  1.1061844e-001
  6.8500000e+002 -4.2805065e-001 -9.4238035e-001  8.6279045e-002
  6.8600000e+002 -4.0840999e-001 -9.2273969e-001  1.0591971e-001
  6.8700000e+002 -3.5008183e-001 -8.6441153e-001  1.6424787e-001
  6.8800000e+002 -2.7056505e-001 -7.8489475e-001  2.4376465e-001
  6.8900000e+002 -1.9416692e-001 -7.0849662e-001  3.2016278e-001
  6.9000000e+002 -1.4471308e-001 -6.5904278e-001  3.6961662e-001
  6.9100000e+002 -1.3860229e-001 -6.5293199e-001  3.7572741e-001
  6.9200000e+002 -1.8021300e-001 -6.9454270e-001  3.3411670e-001
  6.9300000e+002 -2.6084902e-001 -7.7517872e-001  2.5348068e-001
  6.9400000e+002 -3.6130908e-001 -8.7563878e-001  1.5302062e-001
  6.9500000e+002 -4.5714241e-001 -9.7147211e-001  5.7187285e-002
  6.9600000e+002 -5.2500778e-001 -1.0393375e+000 -1.0678085e-002
  6.9700000e+002 -5.4842421e-001 -1.0627539e+000 -3.4094515e-002
  6.9800000e+002 -5.2154802e-001 -1.0358777e+000 -7.2183247e-003
  6.9900000e+002 -4.5025500e-001 -9.6458470e-001  6.4074695e-002
  7.0000000e+002 -3.5051950e-001 -8.6484920e-001  1.6381020e-001
  7.0100000e+002 -2.4467008e-001 -7.5899978e-001  2.6965962e-001
  7.0200000e+002 -1.5645811e-001 -6.7078781e-001  3.5787159e-001
  7.0300000e+002 -1.0598946e-001 -6.2031916e-001  4.0834024e-001
  7.0400000e+002 -1.0549141e-001 -6.1982111e-001  4.0883829e-001
  7.0500000e+002 -1.5668298e-001 -6.7101268e-001  3.5764672e-001
  7.0600000e+002 -2.5023355e-001 -7.6456325e-001  2.6409615e-001
  7.0700000e+002 -3.6745439e-001 -8.8178409e-001  1.4687531e-001
  7.0800000e+002 -4.8398326e-001 -9.9831296e-001  3.0346435e-002
  7.0900000e+002 -5.7482670e-001 -1.0891564e+000 -6.0497005e-002
  7.1000000e+002 -6.1978627e-001 -1.1341160e+000 -1.0545657e-001
  7.1100000e+002 -6.0810723e-001 -1.1224369e+000 -9.3777535e-002
  7.1200000e+002 -5.4123922e-001 -1.0555689e+000 -2.6909525e-002
  7.1300000e+002 -4.3293027e-001 -9.4725997e-001  8.1399425e-002
  7.1400000e+002 -3.0645131e-001 -8.2078101e-001  2.0787839e-001
  7.1500000e+002 -1.8944707e-001 -7.0377677e-001  3.2488263e-001
  7.1600000e+002 -1.0755195e-001 -6.2188165e-001  4.0677775e-001
  7.1700000e+002 -7.8307507e-002 -5.9263720e-001  4.3602219e-001
  7.1800000e+002 -1.0693278e-001 -6.2126248e-001  4.0739692e-001
  7.1900000e+002 -1.8509085e-001 -6.9942055e-001  3.2923885e-001
  7.2000000e+002 -2.9304594e-001 -8.0737564e-001  2.2128376e-001
  7.2100000e+002 -4.0470511e-001 -9.1903481e-001  1.0962459e-001
  7.2200000e+002 -4.9423739e-001 -1.0085671e+000  2.0092305e-002
  7.2300000e+002 -5.4250058e-001 -1.0568303e+000 -2.8170885e-002
  7.2400000e+002 -5.4153574e-001 -1.0558654e+000 -2.7206045e-002
  7.2500000e+002 -4.9592553e-001 -1.0102552e+000  1.8404165e-002
  7.2600000e+002 -4.2071312e-001 -9.3504282e-001  9.3616575e-002
  7.2700000e+002 -3.3658059e-001 -8.5091029e-001  1.7774911e-001
  7.2800000e+002 -2.6378295e-001 -7.7811265e-001  2.5054675e-001
  7.2900000e+002 -2.1667301e-001 -7.3100271e-001  2.9765669e-001
  7.3000000e+002 -2.0041989e-001 -7.1474959e-001  3.1390981e-001
  7.3100000e+002 -2.1079125e-001 -7.2512095e-001  3.0353845e-001
  7.3200000e+002 -2.3687180e-001 -7.5120150e-001  2.7745790e-001
  7.3300000e+002 -2.6565662e-001 -7.7998632e-001  2.4867308e-001
  7.3400000e+002 -2.8689406e-001 -8.0122376e-001  2.2743564e-001
  7.3500000e+002 -2.9654091e-001 -8.1087061e-001  2.1778879e-001
  7.3600000e+002 -2.9772652e-001 -8.1205622e-001  2.1660318e-001
  7.3700000e+002 -2.9900748e-001 -8.1333718e-001  2.1532222e-001
  7.3800000e+002 -3.1062419e-001 -8.2495389e-001  2.0370551e-001
  7.3900000e+002 -3.4012670e-001 -8.5445640e-001  1.7420300e-001
  7.4000000e+002 -3.8891022e-001 -9.0323992e-001  1.2541948e-001
  7.4100000e+002 -4.5085085e-001 -9.6518055e-001  6.3478845e-002
  7.4200000e+002 -5.1350048e-001 -1.0278302e+000  8.2921530e-004
  7.4300000e+002 -5.6144933e-001 -1.0757790e+000 -4.7119635e-002
  7.4400000e+002 -5.8078085e-001 -1.0951105e+000 -6.6451155e-002
  7.4500000e+002 -5.6323791e-001 -1.0775676e+000 -4.8908215e-002
  7.4600000e+002 -5.0886240e-001 -1.0231921e+000  5.4672953e-003
  7.4700000e+002 -4.2637945e-001 -9.4070915e-001  8.7950245e-002
  7.4800000e+002 -3.3128395e-001 -8.4561365e-001  1.8304575e-001
  7.4900000e+002 -2.4222502e-001 -7.5655472e-001  2.7210468e-001
  7.5000000e+002 -1.7669422e-001 -6.9102392e-001  3.3763548e-001
  7.5100000e+002 -1.4711923e-001 -6.6144893e-001  3.6721047e-001
  7.5200000e+002 -1.5826692e-001 -6.7259662e-001  3.5606278e-001
  7.5300000e+002 -2.0646512e-001 -7.2079482e-001  3.0786458e-001
  7.5400000e+002 -2.8069230e-001 -7.9502200e-001  2.3363740e-001
  7.5500000e+002 -3.6517347e-001 -8.7950317e-001  1.4915623e-001
  7.5600000e+002 -4.4283690e-001 -9.5716660e-001  7.1492795e-002
  7.5700000e+002 -4.9885952e-001 -1.0131892e+000  1.5470175e-002
  7.5800000e+002 -5.2356006e-001 -1.0378898e+000 -9.2303647e-003
  7.5900000e+002 -5.1406603e-001 -1.0283957e+000  2.6366530e-004
  7.6000000e+002 -4.7445443e-001 -9.8878413e-001  3.9875265e-002
  7.6100000e+002 -4.1440012e-001 -9.2872982e-001  9.9929575e-002
  7.6200000e+002 -3.4670067e-001 -8.6103037e-001  1.6762903e-001
  7.6300000e+002 -2.8430436e-001 -7.9863406e-001  2.3002534e-001
  7.6400000e+002 -2.3757740e-001 -7.5190710e-001  2.7675230e-001
  7.6500000e+002 -2.1246227e-001 -7.2679197e-001  3.0186743e-001
  7.6600000e+002 -2.0991138e-001 -7.2424108e-001  3.0441832e-001
  7.6700000e+002 -2.2660240e-001 -7.4093210e-001  2.8772730e-001
  7.6800000e+002 -2.5657114e-001 -7.7090084e-001  2.5775856e-001
  7.6900000e+002 -2.9315781e-001 -8.0748751e-001  2.2117189e-001
  7.7000000e+002 -3.3063467e-001 -8.4496437e-001  1.8369503e-001
  7.7100000e+002 -3.6507184e-001 -8.7940154e-001  1.4925786e-001
  7.7200000e+002 -3.9432660e-001 -9.0865630e-001  1.2000310e-001
  7.7300000e+002 -4.1738165e-001 -9.3171135e-001  9.6948045e-002
  7.7400000e+002 -4.3348011e-001 -9.4780981e-001  8.0849585e-002
  7.7500000e+002 -4.4153025e-001 -9.5585995e-001  7.2799445e-002
  7.7600000e+002 -4.4008297e-001 -9.5441267e-001  7.4246725e-002
  7.7700000e+002 -4.2789818e-001 -9.4222788e-001  8.6431515e-002
  7.7800000e+002 -4.0483449e-001 -9.1916419e-001  1.0949521e-001
  7.7900000e+002 -3.7263271e-001 -8.8696241e-001  1.4169699e-001
  7.8000000e+002 -3.3518077e-001 -8.4951047e-001  1.7914893e-001
  7.8100000e+002 -2.9803449e-001 -8.1236419e-001  2.1629521e-001
  7.8200000e+002 -2.6724991e-001 -7.8157961e-001  2.4707979e-001
  7.8300000e+002 -2.4785292e-001 -7.6218262e-001  2.6647678e-001
  7.8400000e+002 -2.4243058e-001 -7.5676028e-001  2.7189912e-001
  7.8500000e+002 -2.5032268e-001 -7.6465238e-001  2.6400702e-001
  7.8600000e+002 -2.6772233e-001 -7.8205203e-001  2.4660737e-001
  7.8700000e+002 -2.8871728e-001 -8.0304698e-001  2.2561242e-001
  7.8800000e+002 -3.0700584e-001 -8.2133554e-001  2.0732386e-001
  7.8900000e+002 -3.1779439e-001 -8.3212409e-001  1.9653531e-001
  7.9000000e+002 -3.1929863e-001 -8.3362833e-001  1.9503107e-001
  7.9100000e+002 -3.1335956e-001 -8.2768926e-001  2.0097014e-001
  7.9200000e+002 -3.0492907e-001 -8.1925877e-001  2.0940063e-001
  7.9300000e+002 -3.0051735e-001 -8.1484705e-001  2.1381235e-001
  7.9400000e+002 -3.0602664e-001 -8.2035634e-001  2.0830306e-001
  7.9500000e+002 -3.2462037e-001 -8.3895007e-001  1.8970933e-001
  7.9600000e+002 -3.5531183e-001 -8.6964153e-001  1.5901787e-001
  7.9700000e+002 -3.9277485e-001 -9.0710455e-001  1.2155485e-001
  7.9800000e+002 -4.2852129e-001 -9.4285099e-001  8.5808405e-002
  7.9900000e+002 -4.5316244e-001 -9.6749214e-001  6.1167255e-002
  8.0000000e+002 -4.5911062e-001 -9.7344032e-001  5.5219075e-002
  8.0100000e+002 -4.4291014e-001 -9.5723984e-001  7.1419555e-002
  8.0200000e+002 -4.0647673e-001 -9.2080643e-001  1.0785297e-001
  8.0300000e+002 -3.5685067e-001 -8.7118037e-001  1.5747903e-001
  8.0400000e+002 -3.0452504e-001 -8.1885474e-001  2.0980466e-001
  8.0500000e+002 -2.6084455e-001 -7.7517425e-001  2.5348515e-001
  8.0600000e+002 -2.3523716e-001 -7.4956686e-001  2.7909254e-001
  8.0700000e+002 -2.3305790e-001 -7.4738760e-001  2.8127180e-001
  8.0800000e+002 -2.5459532e-001 -7.6892502e-001  2.5973438e-001
  8.0900000e+002 -2.9540756e-001 -8.0973726e-001  2.1892214e-001
  8.1000000e+002 -3.4775237e-001 -8.6208207e-001  1.6657733e-001
  8.1100000e+002 -4.0258754e-001 -9.1691724e-001  1.1174216e-001
  8.1200000e+002 -4.5152748e-001 -9.6585718e-001  6.2802215e-002
  8.1300000e+002 -4.8825501e-001 -1.0025847e+000  2.6074685e-002
  8.1400000e+002 -5.0914418e-001 -1.0234739e+000  5.1855153e-003
  8.1500000e+002 -5.1314473e-001 -1.0274744e+000  1.1849653e-003
  8.1600000e+002 -5.0120578e-001 -1.0155355e+000  1.3123915e-002
  8.1700000e+002 -4.7560419e-001 -9.8993389e-001  3.8725505e-002
  8.1800000e+002 -4.3947432e-001 -9.5380402e-001  7.4855375e-002
  8.1900000e+002 -3.9665262e-001 -9.1098232e-001  1.1767708e-001
  8.2000000e+002 -3.5173472e-001 -8.6606442e-001  1.6259498e-001
  8.2100000e+002 -3.1008583e-001 -8.2441553e-001  2.0424387e-001
  8.2200000e+002 -2.7751807e-001 -7.9184777e-001  2.3681163e-001
  8.2300000e+002 -2.5947081e-001 -7.7380051e-001  2.5485889e-001
  8.2400000e+002 -2.5976342e-001 -7.7409312e-001  2.5456628e-001
  8.2500000e+002 -2.7924566e-001 -7.9357536e-001  2.3508404e-001
  8.2600000e+002 -3.1484302e-001 -8.2917272e-001  1.9948668e-001
  8.2700000e+002 -3.5949413e-001 -8.7382383e-001  1.5483557e-001
  8.2800000e+002 -4.0327468e-001 -9.1760438e-001  1.1105502e-001
  8.2900000e+002 -4.3563881e-001 -9.4996851e-001  7.8690885e-002
  8.3000000e+002 -4.4829441e-001 -9.6262411e-001  6.6035285e-002
  8.3100000e+002 -4.3790595e-001 -9.5223565e-001  7.6423745e-002
  8.3200000e+002 -4.0771950e-001 -9.2204920e-001  1.0661020e-001
  8.3300000e+002 -3.6739892e-001 -8.8172862e-001  1.4693078e-001
  8.3400000e+002 -3.3083001e-001 -8.4515971e-001  1.8349969e-001
  8.3500000e+002 -3.1227349e-001 -8.2660319e-001  2.0205621e-001
  8.3600000e+002 -3.2184309e-001 -8.3617279e-001  1.9248661e-001
  8.3700000e+002 -3.6165067e-001 -8.7598037e-001  1.5267903e-001
  8.3800000e+002 -4.2394249e-001 -9.3827219e-001  9.0387205e-002
  8.3900000e+002 -4.9210233e-001 -1.0064320e+000  2.2227365e-002
  8.4000000e+002 -5.4460249e-001 -1.0589322e+000 -3.0272795e-002
  8.4100000e+002 -5.6105531e-001 -1.0753850e+000 -4.6725615e-002
  8.4200000e+002 -5.2873777e-001 -1.0430675e+000 -1.4408075e-002
  8.4300000e+002 -4.4760408e-001 -9.6193378e-001  6.6725615e-002
  8.4400000e+002 -3.3203642e-001 -8.4636612e-001  1.8229328e-001
  8.4500000e+002 -2.0840975e-001 -7.2273945e-001  3.0591995e-001
  8.4600000e+002 -1.0876480e-001 -6.2309450e-001  4.0556490e-001
  8.4700000e+002 -6.2137256e-002 -5.7646695e-001  4.5219244e-001
  8.4800000e+002 -8.5973906e-002 -6.0030360e-001  4.2835579e-001
  8.4900000e+002 -1.8024638e-001 -6.9457608e-001  3.3408332e-001
  8.5000000e+002 -3.2622708e-001 -8.4055678e-001  1.8810262e-001
  8.5100000e+002 -4.9056586e-001 -1.0048956e+000  2.3763835e-002
  8.5200000e+002 -6.3369391e-001 -1.1480236e+000 -1.1936421e-001
  8.5300000e+002 -7.2020501e-001 -1.2345347e+000 -2.0587531e-001
  8.5400000e+002 -7.2819759e-001 -1.2425273e+000 -2.1386789e-001
  8.5500000e+002 -6.5485250e-001 -1.1691822e+000 -1.4052280e-001
  8.5600000e+002 -5.1669343e-001 -1.0310231e+000 -2.3637347e-003
  8.5700000e+002 -3.4463996e-001 -8.5896966e-001  1.6968974e-001
  8.5800000e+002 -1.7554817e-001 -6.8987787e-001  3.3878153e-001
  8.5900000e+002 -4.2903931e-002 -5.5723363e-001  4.7142576e-001
  8.6000000e+002  3.0620657e-002 -4.8370904e-001  5.4495035e-001
  8.6100000e+002  3.6881266e-002 -4.7744843e-001  5.5121096e-001
  8.6200000e+002 -1.8242167e-002 -5.3257186e-001  4.9608753e-001
  8.6300000e+002 -1.1867221e-001 -6.3300191e-001  3.9565749e-001
  8.6400000e+002 -2.4349906e-001 -7.5782876e-001  2.7083064e-001
  8.6500000e+002 -3.7196921e-001 -8.8629891e-001  1.4236049e-001
  8.6600000e+002 -4.8676672e-001 -1.0010964e+000  2.7562975e-002
  8.6700000e+002 -5.7523133e-001 -1.0895610e+000 -6.0901635e-002
  8.6800000e+002 -6.2907662e-001 -1.1434063e+000 -1.1474692e-001
  8.6900000e+002 -6.4365406e-001 -1.1579838e+000 -1.2932436e-001
  8.7000000e+002 -6.1769807e-001 -1.1320278e+000 -1.0336837e-001
  8.7100000e+002 -5.5389908e-001 -1.0682288e+000 -3.9569385e-002
  8.7200000e+002 -4.5991016e-001 -9.7423986e-001  5.4419535e-002
  8.7300000e+002 -3.4887650e-001 -8.6320620e-001  1.6545320e-001
  8.7400000e+002 -2.3855083e-001 -7.5288053e-001  2.7577887e-001
  8.7500000e+002 -1.4855631e-001 -6.6288601e-001  3.6577339e-001
  8.7600000e+002 -9.6174451e-002 -6.1050415e-001  4.1815524e-001
  8.7700000e+002 -9.1811520e-002 -6.0614122e-001  4.2251818e-001
  8.7800000e+002 -1.3567839e-001 -6.5000809e-001  3.7865131e-001
  8.7900000e+002 -2.1700747e-001 -7.3133717e-001  2.9732223e-001
  8.8000000e+002 -3.1636885e-001 -8.3069855e-001  1.9796085e-001
  8.8100000e+002 -4.1060632e-001 -9.2493602e-001  1.0372338e-001
  8.8200000e+002 -4.7898163e-001 -9.9331133e-001  3.5348065e-002
  8.8300000e+002 -5.0864872e-001 -1.0229784e+000  5.6809753e-003
  8.8400000e+002 -4.9776066e-001 -1.0120904e+000  1.6569035e-002
  8.8500000e+002 -4.5528011e-001 -9.6960981e-001  5.9049585e-002
  8.8600000e+002 -3.9764393e-001 -9.1197363e-001  1.1668577e-001
  8.8700000e+002 -3.4343760e-001 -8.5776730e-001  1.7089210e-001
  8.8800000e+002 -3.0782088e-001 -8.2215058e-001  2.0650882e-001
  8.8900000e+002 -2.9842742e-001 -8.1275712e-001  2.1590228e-001
  8.9000000e+002 -3.1387824e-001 -8.2820794e-001  2.0045146e-001
  8.9100000e+002 -3.4513669e-001 -8.5946639e-001  1.6919301e-001
  8.9200000e+002 -3.7902324e-001 -8.9335294e-001  1.3530646e-001
  8.9300000e+002 -4.0260577e-001 -9.1693547e-001  1.1172393e-001
  8.9400000e+002 -4.0705457e-001 -9.2138427e-001  1.0727513e-001
  8.9500000e+002 -3.8988729e-001 -9.0421699e-001  1.2444241e-001
  8.9600000e+002 -3.5515801e-001 -8.6948771e-001  1.5917169e-001
  8.9700000e+002 -3.1181961e-001 -8.2614931e-001  2.0251009e-001
  8.9800000e+002 -2.7098126e-001 -7.8531096e-001  2.4334844e-001
  8.9900000e+002 -2.4296829e-001 -7.5729799e-001  2.7136141e-001
  9.0000000e+002 -7.9135187e-001 -1.3200308e+000 -2.6267297e-001
  9.0100000e+002 -7.5671975e-001 -1.2853987e+000 -2.2804085e-001
  9.0200000e+002 -7.2855385e-001 -1.2572328e+000 -1.9987495e-001
  9.0300000e+002 -7.0892686e-001 -1.2376058e+000 -1.8024796e-001
  9.0400000e+002 -7.0191036e-001 -1.2305893e+000 -1.7323146e-001
  9.0500000e+002 -7.1134826e-001 -1.2400272e+000 -1.8266936e-001
  9.0600000e+002 -7.3775498e-001 -1.2664339e+000 -2.0907608e-001
  9.0700000e+002 -7.7573445e-001 -1.3044134e+000 -2.4705555e-001
  9.0800000e+002 -8.1338092e-001 -1.3420598e+000 -2.8470202e-001
  9.0900000e+002 -8.3453465e-001 -1.3632136e+000 -3.0585575e-001
  9.1000000e+002 -8.2368102e-001 -1.3523599e+000 -2.9500212e-001
  9.1100000e+002 -7.7208703e-001 -1.3007659e+000 -2.4340813e-001
  9.1200000e+002 -6.8295070e-001 -1.2116296e+000 -1.5427180e-001
  9.1300000e+002 -5.7329583e-001 -1.1019747e+000 -4.4616927e-002
  9.1400000e+002 -4.7121003e-001 -9.9988893e-001  5.7468873e-002
  9.1500000e+002 -4.0858328e-001 -9.3726218e-001  1.2009562e-001
  9.1600000e+002 -4.1123454e-001 -9.3991344e-001  1.1744436e-001
  9.1700000e+002 -4.8956089e-001 -1.0182398e+000  3.9118013e-002
  9.1800000e+002 -6.3306704e-001 -1.1617459e+000 -1.0438814e-001
  9.1900000e+002 -8.1113298e-001 -1.3398119e+000 -2.8245408e-001
  9.2000000e+002 -9.8040775e-001 -1.5090867e+000 -4.5172885e-001
  9.2100000e+002 -1.0969250e+000 -1.6256039e+000 -5.6824610e-001
  9.2200000e+002 -1.1292452e+000 -1.6579241e+000 -6.0056630e-001
  9.2300000e+002 -1.0683298e+000 -1.5970087e+000 -5.3965090e-001
  9.2400000e+002 -9.3074019e-001 -1.4594191e+000 -4.0206129e-001
  9.2500000e+002 -7.5387445e-001 -1.2825534e+000 -2.2519555e-001
  9.2600000e+002 -5.8460825e-001 -1.1132872e+000 -5.5929347e-002
  9.2700000e+002 -4.6495298e-001 -9.9363188e-001  6.3725923e-002
  9.2800000e+002 -4.1939036e-001 -9.4806926e-001  1.0928854e-001
  9.2900000e+002 -4.4799835e-001 -9.7667725e-001  8.0680553e-002
  9.3000000e+002 -5.2753715e-001 -1.0562161e+000  1.1417526e-003
  9.3100000e+002 -6.1999518e-001 -1.1486741e+000 -9.1316277e-002
  9.3200000e+002 -6.8563433e-001 -1.2143132e+000 -1.5695543e-001
  9.3300000e+002 -6.9615868e-001 -1.2248376e+000 -1.6747978e-001
  9.3400000e+002 -6.4371706e-001 -1.1723960e+000 -1.1503816e-001
  9.3500000e+002 -5.4295610e-001 -1.0716350e+000 -1.4277197e-002
  9.3600000e+002 -4.2570918e-001 -9.5438808e-001  1.0296972e-001
  9.3700000e+002 -3.3030874e-001 -8.5898764e-001  1.9837016e-001
  9.3800000e+002 -2.8915064e-001 -8.1782954e-001  2.3952826e-001
  9.3900000e+002 -3.1852355e-001 -8.4720245e-001  2.1015535e-001
  9.4000000e+002 -4.1379194e-001 -9.4247084e-001  1.1488696e-001
  9.4100000e+002 -5.5117218e-001 -1.0798511e+000 -2.2493277e-002
  9.4200000e+002 -6.9522005e-001 -1.2238990e+000 -1.6654115e-001
  9.4300000e+002 -8.0944989e-001 -1.3381288e+000 -2.8077099e-001
  9.4400000e+002 -8.6672975e-001 -1.3954087e+000 -3.3805085e-001
  9.4500000e+002 -8.5641054e-001 -1.3850894e+000 -3.2773164e-001
  9.4600000e+002 -7.8635408e-001 -1.3150330e+000 -2.5767518e-001
  9.4700000e+002 -6.7967410e-001 -1.2083530e+000 -1.5099520e-001
  9.4800000e+002 -5.6754634e-001 -1.0962252e+000 -3.8867437e-002
  9.4900000e+002 -4.8043024e-001 -1.0091091e+000  4.8248663e-002
  9.5000000e+002 -4.4024299e-001 -9.6892189e-001  8.8435913e-002
  9.5100000e+002 -4.5547795e-001 -9.8415685e-001  7.3200953e-002
  9.5200000e+002 -5.2022199e-001 -1.0489009e+000  8.4569126e-003
  9.5300000e+002 -6.1687044e-001 -1.1455493e+000 -8.8191537e-002
  9.5400000e+002 -7.2141196e-001 -1.2500909e+000 -1.9273306e-001
  9.5500000e+002 -8.0967917e-001 -1.3383581e+000 -2.8100027e-001
  9.5600000e+002 -8.6298134e-001 -1.3916602e+000 -3.3430244e-001
  9.5700000e+002 -8.7194055e-001 -1.4006195e+000 -3.4326165e-001
  9.5800000e+002 -8.3794375e-001 -1.3666227e+000 -3.0926485e-001
  9.5900000e+002 -7.7219994e-001 -1.3008788e+000 -2.4352104e-001
  9.6000000e+002 -6.9282539e-001 -1.2215043e+000 -1.6414649e-001
  9.6100000e+002 -6.2063715e-001 -1.1493161e+000 -9.1958247e-002
  9.6200000e+002 -5.7445758e-001 -1.1031365e+000 -4.5778677e-002
  9.6300000e+002 -5.6677906e-001 -1.0954580e+000 -3.8100157e-002
  9.6400000e+002 -6.0063033e-001 -1.1293092e+000 -7.1951427e-002
  9.6500000e+002 -6.6838989e-001 -1.1970688e+000 -1.3971099e-001
  9.6600000e+002 -7.5303675e-001 -1.2817157e+000 -2.2435785e-001
  9.6700000e+002 -8.3187209e-001 -1.3605510e+000 -3.0319319e-001
  9.6800000e+002 -8.8212657e-001 -1.4108055e+000 -3.5344767e-001
  9.6900000e+002 -8.8723519e-001 -1.4159141e+000 -3.5855629e-001
  9.7000000e+002 -8.4213756e-001 -1.3708165e+000 -3.1345866e-001
  9.7100000e+002 -7.5595550e-001 -1.2846344e+000 -2.2727660e-001
  9.7200000e+002 -6.5091894e-001 -1.1795978e+000 -1.2224004e-001
  9.7300000e+002 -5.5738003e-001 -1.0860589e+000 -2.8701127e-002
  9.7400000e+002 -5.0592304e-001 -1.0346019e+000  2.2755863e-002
  9.7500000e+002 -5.1858031e-001 -1.0472592e+000  1.0098593e-002
  9.7600000e+002 -6.0165158e-001 -1.1303305e+000 -7.2972677e-002
  9.7700000e+002 -7.4237948e-001 -1.2710584e+000 -2.1370058e-001
  9.7800000e+002 -9.1077280e-001 -1.4394517e+000 -3.8209390e-001
  9.7900000e+002 -1.0664375e+000 -1.5951164e+000 -5.3775860e-001
  9.8000000e+002 -1.1687929e+000 -1.6974718e+000 -6.4011400e-001
  9.8100000e+002 -1.1879706e+000 -1.7166495e+000 -6.5929170e-001
  9.8200000e+002 -1.1133618e+000 -1.6420407e+000 -5.8468290e-001
  9.8300000e+002 -9.5732840e-001 -1.4860073e+000 -4.2864950e-001
  9.8400000e+002 -7.5287621e-001 -1.2815551e+000 -2.2419731e-001
  9.8500000e+002 -5.4575516e-001 -1.0744341e+000 -1.7076257e-002
  9.8600000e+002 -3.8302216e-001 -9.1170106e-001  1.4565674e-001
  9.8700000e+002 -3.0112253e-001 -8.2980143e-001  2.2755637e-001
  9.8800000e+002 -3.1672531e-001 -8.4540421e-001  2.1195359e-001
  9.8900000e+002 -4.2281939e-001 -9.5149829e-001  1.0585951e-001
  9.9000000e+002 -5.9113472e-001 -1.1198136e+000 -6.2455817e-002
  9.9100000e+002 -7.8018848e-001 -1.3088674e+000 -2.5150958e-001
  9.9200000e+002 -9.4666278e-001 -1.4753417e+000 -4.1798388e-001
  9.9300000e+002 -1.0568607e+000 -1.5855396e+000 -5.2818180e-001
  9.9400000e+002 -1.0949604e+000 -1.6236393e+000 -5.6628150e-001
  9.9500000e+002 -1.0657365e+000 -1.5944154e+000 -5.3705760e-001
  9.9600000e+002 -9.9109624e-001 -1.5197751e+000 -4.6241734e-001
  9.9700000e+002 -9.0169112e-001 -1.4303700e+000 -3.7301222e-001
  9.9800000e+002 -8.2641868e-001 -1.3550976e+000 -2.9773978e-001
  9.9900000e+002 -7.8329400e-001 -1.3119729e+000 -2.5461510e-001
  1.0000000e+003 -7.7468755e-001 -1.3033665e+000 -2.4600865e-001
  1.0010000e+003 -7.8841119e-001 -1.3170901e+000 -2.5973229e-001
  1.0020000e+003 -8.0407679e-001 -1.3327557e+000 -2.7539789e-001
  1.0030000e+003 -8.0226473e-001 -1.3309436e+000 -2.7358583e-001
  1.0040000e+003 -7.7301545e-001 -1.3016944e+000 -2.4433655e-001
  1.0050000e+003 -7.2040051e-001 -1.2490794e+000 -1.9172161e-001
  1.0060000e+003 -6.6138736e-001 -1.1900663e+000 -1.3270846e-001
  1.0070000e+003 -6.1936852e-001 -1.1480474e+000 -9.0689617e-002
  1.0080000e+003 -6.1477879e-001 -1.1434577e+000 -8.6099887e-002
  1.0090000e+003 -6.5638860e-001 -1.1850675e+000 -1.2770970e-001
  1.0100000e+003 -7.3667661e-001 -1.2653555e+000 -2.0799771e-001
  1.0110000e+003 -8.3320045e-001 -1.3618794e+000 -3.0452155e-001
  1.0120000e+003 -9.1565226e-001 -1.4443312e+000 -3.8697336e-001
  1.0130000e+003 -9.5614663e-001 -1.4848255e+000 -4.2746773e-001
  1.0140000e+003 -9.3904877e-001 -1.4677277e+000 -4.1036987e-001
  1.0150000e+003 -8.6677190e-001 -1.3954508e+000 -3.3809300e-001
  1.0160000e+003 -7.5940219e-001 -1.2880811e+000 -2.3072329e-001
  1.0170000e+003 -6.4820960e-001 -1.1768885e+000 -1.1953070e-001
  1.0180000e+003 -5.6526824e-001 -1.0939471e+000 -3.6589337e-002
  1.0190000e+003 -5.3276652e-001 -1.0614454e+000 -4.0876174e-003
  1.0200000e+003 -5.5567915e-001 -1.0843581e+000 -2.7000247e-002
  1.0210000e+003 -6.2029727e-001 -1.1489762e+000 -9.1618367e-002
  1.0220000e+003 -6.9910854e-001 -1.2277874e+000 -1.7042964e-001
  1.0230000e+003 -7.6038027e-001 -1.2890592e+000 -2.3170137e-001
  1.0240000e+003 -7.7923959e-001 -1.3079185e+000 -2.5056069e-001
  1.0250000e+003 -7.4655633e-001 -1.2752352e+000 -2.1787743e-001
  1.0260000e+003 -6.7264903e-001 -1.2013279e+000 -1.4397013e-001
  1.0270000e+003 -5.8450322e-001 -1.1131821e+000 -5.5824317e-002
  1.0280000e+003 -5.1727680e-001 -1.0459557e+000  1.1402103e-002
  1.0290000e+003 -5.0271799e-001 -1.0313969e+000  2.5960913e-002
  1.0300000e+003 -5.5816483e-001 -1.0868437e+000 -2.9485927e-002
  1.0310000e+003 -6.7970232e-001 -1.2083812e+000 -1.5102342e-001
  1.0320000e+003 -8.4183641e-001 -1.3705153e+000 -3.1315751e-001
  1.0330000e+003 -1.0040548e+000 -1.5327337e+000 -4.7537590e-001
  1.0340000e+003 -1.1224795e+000 -1.6511584e+000 -5.9380060e-001
  1.0350000e+003 -1.1631432e+000 -1.6918221e+000 -6.3446430e-001
  1.0360000e+003 -1.1127838e+000 -1.6414627e+000 -5.8410490e-001
  1.0370000e+003 -9.8368617e-001 -1.5123651e+000 -4.5500727e-001
  1.0380000e+003 -8.1085308e-001 -1.3395320e+000 -2.8217418e-001
  1.0390000e+003 -6.4214825e-001 -1.1708272e+000 -1.1346935e-001
  1.0400000e+003 -5.2428582e-001 -1.0529647e+000  4.3930826e-003
  1.0410000e+003 -4.8892675e-001 -1.0176057e+000  3.9752153e-002
  1.0420000e+003 -5.4320992e-001 -1.0718888e+000 -1.4531017e-002
  1.0430000e+003 -6.6773374e-001 -1.1964126e+000 -1.3905484e-001
  1.0440000e+003 -8.2269912e-001 -1.3513780e+000 -2.9402022e-001
  1.0450000e+003 -9.6034997e-001 -1.4890289e+000 -4.3167107e-001
  1.0460000e+003 -1.0398296e+000 -1.5685085e+000 -5.1115070e-001
  1.0470000e+003 -1.0397729e+000 -1.5684518e+000 -5.1109400e-001
  1.0480000e+003 -9.6465234e-001 -1.4933312e+000 -4.3597344e-001
  1.0490000e+003 -8.4287826e-001 -1.3715572e+000 -3.1419936e-001
  1.0500000e+003 -7.1729304e-001 -1.2459719e+000 -1.8861414e-001
  1.0510000e+003 -6.3113465e-001 -1.1598136e+000 -1.0245575e-001
  1.0520000e+003 -6.1399388e-001 -1.1426728e+000 -8.5314977e-002
  1.0530000e+003 -6.7227205e-001 -1.2009510e+000 -1.4359315e-001
  1.0540000e+003 -7.8717182e-001 -1.3158507e+000 -2.5849292e-001
  1.0550000e+003 -9.2080682e-001 -1.4494857e+000 -3.9212792e-001
  1.0560000e+003 -1.0283959e+000 -1.5570748e+000 -4.9971700e-001
  1.0570000e+003 -1.0725708e+000 -1.6012497e+000 -5.4389190e-001
  1.0580000e+003 -1.0351958e+000 -1.5638747e+000 -5.0651690e-001
  1.0590000e+003 -9.2296648e-001 -1.4516454e+000 -3.9428758e-001
  1.0600000e+003 -7.6512268e-001 -1.2938016e+000 -2.3644378e-001
  1.0610000e+003 -6.0417921e-001 -1.1328581e+000 -7.5500307e-002
  1.0620000e+003 -4.8280409e-001 -1.0114830e+000  4.5874813e-002
  1.0630000e+003 -4.3112036e-001 -9.5979926e-001  9.7558543e-002
  1.0640000e+003 -4.5842270e-001 -9.8710160e-001  7.0256203e-002
  1.0650000e+003 -5.5170811e-001 -1.0803870e+000 -2.3029207e-002
  1.0660000e+003 -6.8109295e-001 -1.2097719e+000 -1.5241405e-001
  1.0670000e+003 -8.0993895e-001 -1.3386179e+000 -2.8126005e-001
  1.0680000e+003 -9.0610634e-001 -1.4347852e+000 -3.7742744e-001
  1.0690000e+003 -9.5064218e-001 -1.4793211e+000 -4.2196328e-001
  1.0700000e+003 -9.4137054e-001 -1.4700494e+000 -4.1269164e-001
  1.0710000e+003 -8.9079633e-001 -1.4194752e+000 -3.6211743e-001
  1.0720000e+003 -8.1972231e-001 -1.3484012e+000 -2.9104341e-001
  1.0730000e+003 -7.4928972e-001 -1.2779686e+000 -2.2061082e-001
  1.0740000e+003 -6.9436810e-001 -1.2230470e+000 -1.6568920e-001
  1.0750000e+003 -6.6035931e-001 -1.1890382e+000 -1.3168041e-001
  1.0760000e+003 -6.4397092e-001 -1.1726498e+000 -1.1529202e-001
  1.0770000e+003 -6.3698577e-001 -1.1656647e+000 -1.0830687e-001
  1.0780000e+003 -6.3108634e-001 -1.1597652e+000 -1.0240744e-001
  1.0790000e+003 -6.2168169e-001 -1.1503606e+000 -9.3002787e-002
  1.0800000e+003 -6.0936877e-001 -1.1380477e+000 -8.0689867e-002
  1.0810000e+003 -5.9877570e-001 -1.1274546e+000 -7.0096797e-002
  1.0820000e+003 -5.9560199e-001 -1.1242809e+000 -6.6923087e-002
  1.0830000e+003 -6.0329069e-001 -1.1319696e+000 -7.4611787e-002
  1.0840000e+003 -6.2076750e-001 -1.1494464e+000 -9.2088597e-002
  1.0850000e+003 -6.4214291e-001 -1.1708218e+000 -1.1346401e-001
  1.0860000e+003 -6.5846377e-001 -1.1871427e+000 -1.2978487e-001
  1.0870000e+003 -6.6083915e-001 -1.1895181e+000 -1.3216025e-001
  1.0880000e+003 -6.4380620e-001 -1.1724851e+000 -1.1512730e-001
  1.0890000e+003 -6.0775585e-001 -1.1364348e+000 -7.9076947e-002
  1.0900000e+003 -5.5956891e-001 -1.0882478e+000 -3.0890007e-002
  1.0910000e+003 -5.1118266e-001 -1.0398616e+000  1.7496243e-002
  1.0920000e+003 -4.7643179e-001 -1.0051107e+000  5.2247113e-002
  1.0930000e+003 -4.6701927e-001 -9.9569817e-001  6.1659633e-002
  1.0940000e+003 -4.8874798e-001 -1.0174269e+000  3.9930923e-002
  1.0950000e+003 -5.3912283e-001 -1.0678017e+000 -1.0443927e-002
  1.0960000e+003 -6.0711678e-001 -1.1357957e+000 -7.8437877e-002
  1.0970000e+003 -6.7534788e-001 -1.2040268e+000 -1.4666898e-001
  1.0980000e+003 -7.2425934e-001 -1.2529382e+000 -1.9558044e-001
  1.0990000e+003 -7.3729227e-001 -1.2659712e+000 -2.0861337e-001
  1.1000000e+003 -7.0566544e-001 -1.2343443e+000 -1.7698654e-001
  1.1010000e+003 -6.3136322e-001 -1.1600421e+000 -1.0268432e-001
  1.1020000e+003 -5.2733334e-001 -1.0560122e+000  1.3455626e-003
  1.1030000e+003 -4.1463858e-001 -9.4331748e-001  1.1404032e-001
  1.1040000e+003 -3.1719626e-001 -8.4587516e-001  2.1148264e-001
  1.1050000e+003 -2.5550744e-001 -7.8418634e-001  2.7317146e-001
  1.1060000e+003 -2.4116208e-001 -7.6984098e-001  2.8751682e-001
  1.1070000e+003 -2.7374995e-001 -8.0242885e-001  2.5492895e-001
  1.1080000e+003 -3.4112804e-001 -8.6980694e-001  1.8755086e-001
  1.1090000e+003 -4.2299298e-001 -9.5167188e-001  1.0568592e-001
  1.1100000e+003 -4.9670160e-001 -1.0253805e+000  3.1977303e-002
  1.1110000e+003 -5.4360636e-001 -1.0722853e+000 -1.4927457e-002
  1.1120000e+003 -5.5404257e-001 -1.0827215e+000 -2.5363667e-002
  1.1130000e+003 -5.2955670e-001 -1.0582356e+000 -8.7779738e-004
  1.1140000e+003 -4.8183519e-001 -1.0105141e+000  4.6843713e-002
  1.1150000e+003 -4.2879021e-001 -9.5746911e-001  9.9888693e-002
  1.1160000e+003 -3.8906526e-001 -9.1774416e-001  1.3961364e-001
  1.1170000e+003 -3.7660740e-001 -9.0528630e-001  1.5207150e-001
  1.1180000e+003 -3.9683293e-001 -9.2551183e-001  1.3184597e-001
  1.1190000e+003 -4.4536914e-001 -9.7404804e-001  8.3309763e-002
  1.1200000e+003 -5.0958218e-001 -1.0382611e+000  1.9096723e-002
  1.1210000e+003 -5.7233483e-001 -1.1010137e+000 -4.3655927e-002
  1.1220000e+003 -6.1686217e-001 -1.1455411e+000 -8.8183267e-002
  1.1230000e+003 -6.3142567e-001 -1.1601046e+000 -1.0274677e-001
  1.1240000e+003 -6.1253273e-001 -1.1412116e+000 -8.3853827e-002
  1.1250000e+003 -5.6592641e-001 -1.0946053e+000 -3.7247507e-002
  1.1260000e+003 -5.0514218e-001 -1.0338211e+000  2.3536723e-002
  1.1270000e+003 -4.4804653e-001 -9.7672543e-001  8.0632373e-002
  1.1280000e+003 -4.1226945e-001 -9.4094835e-001  1.1640945e-001
  1.1290000e+003 -4.1070060e-001 -9.3937950e-001  1.1797830e-001
  1.1300000e+003 -4.4817521e-001 -9.7685411e-001  8.0503693e-002
  1.1310000e+003 -5.2014756e-001 -1.0488265e+000  8.5313426e-003
  1.1320000e+003 -6.1363192e-001 -1.1423108e+000 -8.4953017e-002
  1.1330000e+003 -7.1012742e-001 -1.2388063e+000 -1.8144852e-001
  1.1340000e+003 -7.8978629e-001 -1.3184652e+000 -2.6110739e-001
  1.1350000e+003 -8.3583801e-001 -1.3645169e+000 -3.0715911e-001
  1.1360000e+003 -8.3827961e-001 -1.3669585e+000 -3.0960071e-001
  1.1370000e+003 -7.9604954e-001 -1.3247284e+000 -2.6737064e-001
  1.1380000e+003 -7.1724797e-001 -1.2459269e+000 -1.8856907e-001
  1.1390000e+003 -6.1737279e-001 -1.1460517e+000 -8.8693887e-002
  1.1400000e+003 -5.1594521e-001 -1.0446241e+000  1.2733693e-002
  1.1410000e+003 -4.3224781e-001 -9.6092671e-001  9.6431093e-002
  1.1420000e+003 -3.8112918e-001 -9.0980808e-001  1.4754972e-001
  1.1430000e+003 -3.6987530e-001 -8.9855420e-001  1.5880360e-001
  1.1440000e+003 -3.9694871e-001 -9.2562761e-001  1.3173019e-001
  1.1450000e+003 -4.5295082e-001 -9.8162972e-001  7.5728083e-002
  1.1460000e+003 -5.2355314e-001 -1.0522320e+000  5.1257626e-003
  1.1470000e+003 -5.9354502e-001 -1.1222239e+000 -6.4866117e-002
  1.1480000e+003 -6.5077127e-001 -1.1794502e+000 -1.2209237e-001
  1.1490000e+003 -6.8875087e-001 -1.2174298e+000 -1.6007197e-001
  1.1500000e+003 -7.0721360e-001 -1.2358925e+000 -1.7853470e-001
  1.1510000e+003 -7.1053169e-001 -1.2392106e+000 -1.8185279e-001
  1.1520000e+003 -7.0478933e-001 -1.2334682e+000 -1.7611043e-001
  1.1530000e+003 -6.9472146e-001 -1.2234004e+000 -1.6604256e-001
  1.1540000e+003 -6.8175980e-001 -1.2104387e+000 -1.5308090e-001
  1.1550000e+003 -6.6393285e-001 -1.1926118e+000 -1.3525395e-001
  1.1560000e+003 -6.3757314e-001 -1.1662520e+000 -1.0889424e-001
  1.1570000e+003 -6.0001567e-001 -1.1286946e+000 -7.1336767e-002
  1.1580000e+003 -5.5205014e-001 -1.0807290e+000 -2.3371237e-002
  1.1590000e+003 -4.9899239e-001 -1.0276713e+000  2.9686513e-002
  1.1600000e+003 -4.4982554e-001 -9.7850444e-001  7.8853363e-002
  1.1610000e+003 -4.1467754e-001 -9.4335644e-001  1.1400136e-001
  1.1620000e+003 -4.0160683e-001 -9.3028573e-001  1.2707207e-001
  1.1630000e+003 -4.1396218e-001 -9.4264108e-001  1.1471672e-001
  1.1640000e+003 -4.4934860e-001 -9.7802750e-001  7.9330303e-002
  1.1650000e+003 -5.0056953e-001 -1.0292484e+000  2.8109373e-002
  1.1660000e+003 -5.5810714e-001 -1.0867860e+000 -2.9428237e-002
  1.1670000e+003 -6.1308958e-001 -1.1417685e+000 -8.4410677e-002
  1.1680000e+003 -6.5953281e-001 -1.1882117e+000 -1.3085391e-001
  1.1690000e+003 -6.9500645e-001 -1.2236854e+000 -1.6632755e-001
  1.1700000e+003 -7.1960406e-001 -1.2482830e+000 -1.9092516e-001
  1.1710000e+003 -7.3388818e-001 -1.2625671e+000 -2.0520928e-001
  1.1720000e+003 -7.3698020e-001 -1.2656591e+000 -2.0830130e-001
  1.1730000e+003 -7.2593877e-001 -1.2546177e+000 -1.9725987e-001
  1.1740000e+003 -6.9699612e-001 -1.2256750e+000 -1.6831722e-001
  1.1750000e+003 -6.4831794e-001 -1.1769968e+000 -1.1963904e-001
  1.1760000e+003 -5.8309825e-001 -1.1117772e+000 -5.4419347e-002
  1.1770000e+003 -5.1139100e-001 -1.0400699e+000  1.7287903e-002
  1.1780000e+003 -4.4935129e-001 -9.7803019e-001  7.9327613e-002
  1.1790000e+003 -4.1548066e-001 -9.4415956e-001  1.1319824e-001
  1.1800000e+003 -4.2472390e-001 -9.5340280e-001  1.0395500e-001
  1.1810000e+003 -4.8235621e-001 -1.0110351e+000  4.6322693e-002
  1.1820000e+003 -5.8004763e-001 -1.1087265e+000 -5.1368727e-002
  1.1830000e+003 -6.9602717e-001 -1.2247061e+000 -1.6734827e-001
  1.1840000e+003 -7.9997266e-001 -1.3286516e+000 -2.7129376e-001
  1.1850000e+003 -8.6154426e-001 -1.3902232e+000 -3.3286536e-001
  1.1860000e+003 -8.5999013e-001 -1.3886690e+000 -3.3131123e-001
  1.1870000e+003 -7.9157721e-001 -1.3202561e+000 -2.6289831e-001
  1.1880000e+003 -6.7207167e-001 -1.2007506e+000 -1.4339277e-001
  1.1890000e+003 -5.3302411e-001 -1.0617030e+000 -4.3452074e-003
  1.1900000e+003 -4.1271202e-001 -9.4139092e-001  1.1596688e-001
  1.1910000e+003 -3.4451669e-001 -8.7319559e-001  1.8416221e-001
  1.1920000e+003 -3.4654959e-001 -8.7522849e-001  1.8212931e-001
  1.1930000e+003 -4.1607043e-001 -9.4474933e-001  1.1260847e-001
  1.1940000e+003 -5.3069348e-001 -1.0593724e+000 -2.0145774e-003
  1.1950000e+003 -6.5606405e-001 -1.1847430e+000 -1.2738515e-001
  1.1960000e+003 -7.5740773e-001 -1.2860866e+000 -2.2872883e-001
  1.1970000e+003 -8.1093611e-001 -1.3396150e+000 -2.8225721e-001
  1.1980000e+003 -8.1108032e-001 -1.3397592e+000 -2.8240142e-001
  1.1990000e+003 -7.7097552e-001 -1.2996544e+000 -2.4229662e-001
  1.2000000e+003 -7.1606024e-001 -1.2447391e+000 -1.8738134e-001
  1.2010000e+003 -6.7321837e-001 -1.2018973e+000 -1.4453947e-001
  1.2020000e+003 -6.5962649e-001 -1.1883054e+000 -1.3094759e-001
  1.2030000e+003 -6.7568011e-001 -1.2043590e+000 -1.4700121e-001
  1.2040000e+003 -7.0490716e-001 -1.2335861e+000 -1.7622826e-001
  1.2050000e+003 -7.2111918e-001 -1.2497981e+000 -1.9244028e-001
  1.2060000e+003 -7.0017273e-001 -1.2288516e+000 -1.7149383e-001
  1.2070000e+003 -6.3173562e-001 -1.1604145e+000 -1.0305672e-001
  1.2080000e+003 -5.2620071e-001 -1.0548796e+000  2.4781926e-003
  1.2090000e+003 -4.1355840e-001 -9.4223730e-001  1.1512050e-001
  1.2100000e+003 -3.3406319e-001 -8.6274209e-001  1.9461571e-001
  1.2110000e+003 -3.2377997e-001 -8.5245887e-001  2.0489893e-001
  1.2120000e+003 -4.0029172e-001 -9.2897062e-001  1.2838718e-001
  1.2130000e+003 -5.5407944e-001 -1.0827583e+000 -2.5400537e-002
  1.2140000e+003 -7.4917656e-001 -1.2778555e+000 -2.2049766e-001
  1.2150000e+003 -9.3332970e-001 -1.4620086e+000 -4.0465080e-001
  1.2160000e+003 -1.0543387e+000 -1.5830176e+000 -5.2565980e-001
  1.2170000e+003 -1.0768805e+000 -1.6055594e+000 -5.4820160e-001
  1.2180000e+003 -9.9387535e-001 -1.5225543e+000 -4.6519645e-001
  1.2190000e+003 -8.2844165e-001 -1.3571206e+000 -2.9976275e-001
  1.2200000e+003 -6.2593763e-001 -1.1546165e+000 -9.7258727e-002
  1.2210000e+003 -4.3916555e-001 -9.6784445e-001  8.9513353e-002
  1.2220000e+003 -3.1214754e-001 -8.4082644e-001  2.1653136e-001
  1.2230000e+003 -2.6810519e-001 -7.9678409e-001  2.6057371e-001
  1.2240000e+003 -3.0538253e-001 -8.3406143e-001  2.2329637e-001
  1.2250000e+003 -4.0186857e-001 -9.3054747e-001  1.2681033e-001
  1.2260000e+003 -5.2530927e-001 -1.0539882e+000  3.3696326e-003
  1.2270000e+003 -6.4499440e-001 -1.1736733e+000 -1.1631550e-001
  1.2280000e+003 -7.4033615e-001 -1.2690151e+000 -2.1165725e-001
  1.2290000e+003 -8.0367359e-001 -1.3323525e+000 -2.7499469e-001
  1.2300000e+003 -8.3735997e-001 -1.3660389e+000 -3.0868107e-001
  1.2310000e+003 -8.4760953e-001 -1.3762884e+000 -3.1893063e-001
  1.2320000e+003 -8.3868314e-001 -1.3673620e+000 -3.1000424e-001
  1.2330000e+003 -8.1038514e-001 -1.3390640e+000 -2.8170624e-001
  1.2340000e+003 -7.5990017e-001 -1.2885791e+000 -2.3122127e-001
  1.2350000e+003 -6.8666440e-001 -1.2153433e+000 -1.5798550e-001
  1.2360000e+003 -5.9733185e-001 -1.1260108e+000 -6.8652947e-002
  1.2370000e+003 -5.0771121e-001 -1.0363901e+000  2.0967693e-002
  1.2380000e+003 -4.3989938e-001 -9.6857828e-001  8.8779523e-002
  1.2390000e+003 -4.1511938e-001 -9.4379828e-001  1.1355952e-001
  1.2400000e+003 -4.4495716e-001 -9.7363606e-001  8.3721743e-002
  1.2410000e+003 -5.2478656e-001 -1.0534655e+000  3.8923426e-003
  1.2420000e+003 -6.3263580e-001 -1.1613147e+000 -1.0395690e-001
  1.2430000e+003 -7.3473934e-001 -1.2634182e+000 -2.0606044e-001
  1.2440000e+003 -7.9632696e-001 -1.3250059e+000 -2.6764806e-001
  1.2450000e+003 -7.9393020e-001 -1.3226091e+000 -2.6525130e-001
  1.2460000e+003 -7.2459400e-001 -1.2532729e+000 -1.9591510e-001
  1.2470000e+003 -6.0828748e-001 -1.1369664e+000 -7.9608577e-002
  1.2480000e+003 -4.8221531e-001 -1.0108942e+000  4.6463593e-002
  1.2490000e+003 -3.8873581e-001 -9.1741471e-001  1.3994309e-001
  1.2500000e+003 -3.6104021e-001 -8.8971911e-001  1.6763869e-001
  1.2510000e+003 -4.1168534e-001 -9.4036424e-001  1.1699356e-001
  1.2520000e+003 -5.2812125e-001 -1.0568002e+000  5.5765262e-004
  1.2530000e+003 -6.7685554e-001 -1.2055344e+000 -1.4817664e-001
  1.2540000e+003 -8.1477737e-001 -1.3434563e+000 -2.8609847e-001
  1.2550000e+003 -9.0358697e-001 -1.4322659e+000 -3.7490807e-001
  1.2560000e+003 -9.2219608e-001 -1.4508750e+000 -3.9351718e-001
  1.2570000e+003 -8.7277112e-001 -1.4014500e+000 -3.4409222e-001
  1.2580000e+003 -7.7846853e-001 -1.3071474e+000 -2.4978963e-001
  1.2590000e+003 -6.7396352e-001 -1.2026424e+000 -1.4528462e-001
  1.2600000e+003 -5.9246234e-001 -1.1211412e+000 -6.3783437e-002
  1.2610000e+003 -5.5405971e-001 -1.0827386e+000 -2.5380807e-002
  1.2620000e+003 -5.5965205e-001 -1.0883310e+000 -3.0973147e-002
  1.2630000e+003 -5.9241889e-001 -1.1210978e+000 -6.3739987e-002
  1.2640000e+003 -6.2599514e-001 -1.1546740e+000 -9.7316237e-002
  1.2650000e+003 -6.3596973e-001 -1.1646486e+000 -1.0729083e-001
  1.2660000e+003 -6.1018330e-001 -1.1388622e+000 -8.1504397e-002
  1.2670000e+003 -5.5386248e-001 -1.0825414e+000 -2.5183577e-002
  1.2680000e+003 -4.8766954e-001 -1.0163484e+000  4.1009363e-002
  1.2690000e+003 -4.3947078e-001 -9.6814968e-001  8.9208123e-002
  1.2700000e+003 -4.3300865e-001 -9.6168755e-001  9.5670253e-002
  1.2710000e+003 -4.7782977e-001 -1.0065087e+000  5.0849133e-002
  1.2720000e+003 -5.6436359e-001 -1.0930425e+000 -3.5684687e-002
  1.2730000e+003 -6.6615428e-001 -1.1948332e+000 -1.3747538e-001
  1.2740000e+003 -7.4862032e-001 -1.2772992e+000 -2.1994142e-001
  1.2750000e+003 -7.8130253e-001 -1.3099814e+000 -2.5262363e-001
  1.2760000e+003 -7.4922532e-001 -1.2779042e+000 -2.2054642e-001
  1.2770000e+003 -6.5921545e-001 -1.1878944e+000 -1.3053655e-001
  1.2780000e+003 -5.3873002e-001 -1.0674089e+000 -1.0051117e-002
  1.2790000e+003 -4.2735274e-001 -9.5603164e-001  1.0132616e-001
  1.2800000e+003 -3.6371924e-001 -8.9239814e-001  1.6495966e-001
  1.2810000e+003 -3.7231412e-001 -9.0099302e-001  1.5636478e-001
  1.2820000e+003 -4.5473732e-001 -9.8341622e-001  7.3941583e-002
  1.2830000e+003 -5.8857995e-001 -1.1172589e+000 -5.9901047e-002
  1.2840000e+003 -7.3445934e-001 -1.2631382e+000 -2.0578044e-001
  1.2850000e+003 -8.4892556e-001 -1.3776045e+000 -3.2024666e-001
  1.2860000e+003 -8.9886118e-001 -1.4275401e+000 -3.7018228e-001
  1.2870000e+003 -8.7240645e-001 -1.4010854e+000 -3.4372755e-001
  1.2880000e+003 -7.8259143e-001 -1.3112703e+000 -2.5391253e-001
  1.2890000e+003 -6.6237381e-001 -1.1910527e+000 -1.3369491e-001
  1.2900000e+003 -5.5279710e-001 -1.0814760e+000 -2.4118197e-002
  1.2910000e+003 -4.8843577e-001 -1.0171147e+000  4.0243133e-002
  1.2920000e+003 -4.8529651e-001 -1.0139754e+000  4.3382393e-002
  1.2930000e+003 -5.3551832e-001 -1.0641972e+000 -6.8394174e-003
  1.2940000e+003 -6.1082216e-001 -1.1395011e+000 -8.2143257e-002
  1.2950000e+003 -6.7353691e-001 -1.2022158e+000 -1.4485801e-001
  1.2960000e+003 -6.9127609e-001 -1.2199550e+000 -1.6259719e-001
  1.2970000e+003 -6.4994878e-001 -1.1786277e+000 -1.2126988e-001
  1.2980000e+003 -5.6027547e-001 -1.0889544e+000 -3.1596567e-002
  1.2990000e+003 -4.5520081e-001 -9.8387971e-001  7.3478093e-002
  1.3000000e+003 -3.7879221e-001 -9.0747111e-001  1.4988669e-001
  1.3010000e+003 -3.7027437e-001 -8.9895327e-001  1.5840453e-001
  1.3020000e+003 -4.4869555e-001 -9.7737445e-001  7.9983353e-002
  1.3030000e+003 -6.0368877e-001 -1.1323677e+000 -7.5009867e-002
  1.3040000e+003 -7.9585783e-001 -1.3245367e+000 -2.6717893e-001
  1.3050000e+003 -9.6712577e-001 -1.4958047e+000 -4.3844687e-001
  1.3060000e+003 -1.0580111e+000 -1.5866900e+000 -5.2933220e-001
  1.3070000e+003 -1.0263963e+000 -1.5550752e+000 -4.9771740e-001
  1.3080000e+003 -8.6174955e-001 -1.3904285e+000 -3.3307065e-001
  1.3090000e+003 -5.9015953e-001 -1.1188384e+000 -6.1480627e-002
  1.3100000e+003 -2.6847945e-001 -7.9715835e-001  2.6019945e-001
  1.3110000e+003  3.0657531e-002 -4.9802137e-001  5.5933643e-001
  1.3120000e+003  2.3834513e-001 -2.9033377e-001  7.6702403e-001
  1.3130000e+003  3.0754070e-001 -2.2113820e-001  8.3621960e-001
  1.3140000e+003  2.2458254e-001 -3.0409636e-001  7.5326144e-001
  1.3150000e+003  1.1116211e-002 -5.1756269e-001  5.3979511e-001
  1.3160000e+003 -2.8346108e-001 -8.1213998e-001  2.4521782e-001
  1.3170000e+003 -5.9610716e-001 -1.1247861e+000 -6.7428257e-002
  1.3180000e+003 -8.6619664e-001 -1.3948755e+000 -3.3751774e-001
  1.3190000e+003 -1.0488765e+000 -1.5775554e+000 -5.2019760e-001
  1.3200000e+003 -1.1224491e+000 -1.6511280e+000 -5.9377020e-001
  1.3210000e+003 -1.0887563e+000 -1.6174352e+000 -5.6007740e-001
  1.3220000e+003 -9.6778958e-001 -1.4964685e+000 -4.3911068e-001
  1.3230000e+003 -7.8927248e-001 -1.3179514e+000 -2.6059358e-001
  1.3240000e+003 -5.8435353e-001 -1.1130324e+000 -5.5674627e-002
  1.3250000e+003 -3.7983683e-001 -9.0851573e-001  1.4884207e-001
  1.3260000e+003 -1.9597171e-001 -7.2465061e-001  3.3270719e-001
  1.3270000e+003 -4.7301044e-002 -5.7597995e-001  4.8137786e-001
  1.3280000e+003  5.5012834e-002 -4.7366607e-001  5.8369174e-001
  1.3290000e+003  1.0127757e-001 -4.2740133e-001  6.2995647e-001
  1.3300000e+003  8.3182906e-002 -4.4549600e-001  6.1186181e-001
  1.3310000e+003 -4.0824359e-003 -5.3276134e-001  5.2459647e-001
  1.3320000e+003 -1.5826814e-001 -6.8694704e-001  3.7041076e-001
  1.3330000e+003 -3.6663633e-001 -8.9531523e-001  1.6204257e-001
  1.3340000e+003 -6.0446460e-001 -1.1331435e+000 -7.5785697e-002
  1.3350000e+003 -8.3679666e-001 -1.3654756e+000 -3.0811776e-001
  1.3360000e+003 -1.0237633e+000 -1.5524422e+000 -4.9508440e-001
  1.3370000e+003 -1.1286039e+000 -1.6572828e+000 -5.9992500e-001
  1.3380000e+003 -1.1265059e+000 -1.6551848e+000 -5.9782700e-001
  1.3390000e+003 -1.0118672e+000 -1.5405461e+000 -4.8318830e-001
  1.3400000e+003 -8.0174477e-001 -1.3304237e+000 -2.7306587e-001
  1.3410000e+003 -5.3407694e-001 -1.0627558e+000 -5.3980374e-003
  1.3420000e+003 -2.6056876e-001 -7.8924766e-001  2.6811014e-001
  1.3430000e+003 -3.5588989e-002 -5.6426789e-001  4.9308991e-001
  1.3440000e+003  9.6349705e-002 -4.3232920e-001  6.2502861e-001
  1.3450000e+003  1.1133406e-001 -4.1734484e-001  6.4001296e-001
  1.3460000e+003  1.2048389e-002 -5.1663051e-001  5.4072729e-001
  1.3470000e+003 -1.7284332e-001 -7.0152222e-001  3.5583558e-001
  1.3480000e+003 -3.9606277e-001 -9.2474167e-001  1.3261613e-001
  1.3490000e+003 -6.0404338e-001 -1.1327223e+000 -7.5364477e-002
  1.3500000e+003 -7.5090840e-001 -1.2795873e+000 -2.2222950e-001
  1.3510000e+003 -8.1017993e-001 -1.3388588e+000 -2.8150103e-001
  1.3520000e+003 -7.8085551e-001 -1.3095344e+000 -2.5217661e-001
  1.3530000e+003 -6.8611396e-001 -1.2147929e+000 -1.5743506e-001
  1.3540000e+003 -5.6513241e-001 -1.0938113e+000 -3.6453507e-002
  1.3550000e+003 -4.6061238e-001 -9.8929128e-001  6.8066523e-002
  1.3560000e+003 -4.0592350e-001 -9.3460240e-001  1.2275540e-001
  1.3570000e+003 -4.1582749e-001 -9.4450639e-001  1.1285141e-001
  1.3580000e+003 -4.8350802e-001 -1.0121869e+000  4.5170883e-002
  1.3590000e+003 -5.8451485e-001 -1.1131938e+000 -5.5835947e-002
  1.3600000e+003 -6.8595567e-001 -1.2146346e+000 -1.5727677e-001
  1.3610000e+003 -7.5761777e-001 -1.2862967e+000 -2.2893887e-001
  1.3620000e+003 -7.8123578e-001 -1.3099147e+000 -2.5255688e-001
  1.3630000e+003 -7.5497595e-001 -1.2836549e+000 -2.2629705e-001
  1.3640000e+003 -6.9204212e-001 -1.2207210e+000 -1.6336322e-001
  1.3650000e+003 -6.1443349e-001 -1.1431124e+000 -8.5754587e-002
  1.3660000e+003 -5.4451955e-001 -1.0731985e+000 -1.5840647e-002
  1.3670000e+003 -4.9766586e-001 -1.0263448e+000  3.1013043e-002
  1.3680000e+003 -4.7848240e-001 -1.0071613e+000  5.0196503e-002
  1.3690000e+003 -4.8168255e-001 -1.0103615e+000  4.6996353e-002
  1.3700000e+003 -4.9668081e-001 -1.0253597e+000  3.1998093e-002
  1.3710000e+003 -5.1364945e-001 -1.0423284e+000  1.5029453e-002
  1.3720000e+003 -5.2832793e-001 -1.0570068e+000  3.5097262e-004
  1.3730000e+003 -5.4355971e-001 -1.0722386e+000 -1.4880807e-002
  1.3740000e+003 -5.6701127e-001 -1.0956902e+000 -3.8332367e-002
  1.3750000e+003 -6.0619046e-001 -1.1348694e+000 -7.7511557e-002
  1.3760000e+003 -6.6305317e-001 -1.1917321e+000 -1.3437427e-001
  1.3770000e+003 -7.3069886e-001 -1.2593778e+000 -2.0201996e-001
  1.3780000e+003 -7.9382490e-001 -1.3225038e+000 -2.6514600e-001
  1.3790000e+003 -8.3306716e-001 -1.3617461e+000 -3.0438826e-001
  1.3800000e+003 -8.3171655e-001 -1.3603955e+000 -3.0303765e-001
  1.3810000e+003 -7.8223072e-001 -1.3109096e+000 -2.5355182e-001
  1.3820000e+003 -6.8990389e-001 -1.2185828e+000 -1.6122499e-001
  1.3830000e+003 -5.7207053e-001 -1.1007494e+000 -4.3391627e-002
  1.3840000e+003 -4.5292466e-001 -9.8160356e-001  7.5754243e-002
  1.3850000e+003 -3.5577206e-001 -8.8445096e-001  1.7290684e-001
  1.3860000e+003 -2.9559780e-001 -8.2427670e-001  2.3308110e-001
  1.3870000e+003 -2.7477643e-001 -8.0345533e-001  2.5390247e-001
  1.3880000e+003 -2.8356728e-001 -8.1224618e-001  2.4511162e-001
  1.3890000e+003 -3.0517347e-001 -8.3385237e-001  2.2350543e-001
  1.3900000e+003 -3.2333718e-001 -8.5201608e-001  2.0534172e-001
  1.3910000e+003 -3.2942489e-001 -8.5810379e-001  1.9925401e-001
  1.3920000e+003 -3.2614208e-001 -8.5482098e-001  2.0253682e-001
  1.3930000e+003 -3.2634124e-001 -8.5502014e-001  2.0233766e-001
  1.3940000e+003 -3.4732499e-001 -8.7600389e-001  1.8135391e-001
  1.3950000e+003 -4.0283059e-001 -9.3150949e-001  1.2584831e-001
  1.3960000e+003 -4.9581683e-001 -1.0244957e+000  3.2862073e-002
  1.3970000e+003 -6.1491207e-001 -1.1435910e+000 -8.6233167e-002
  1.3980000e+003 -7.3604421e-001 -1.2647231e+000 -2.0736531e-001
  1.3990000e+003 -8.2888882e-001 -1.3575677e+000 -3.0020992e-001
  1.4000000e+003 -3.4720646e-001 -8.7518637e-001  1.8077345e-001
  1.4010000e+003 -3.1267839e-001 -8.4065830e-001  2.1530152e-001
  1.4020000e+003 -2.8617552e-001 -8.1415543e-001  2.4180439e-001
  1.4030000e+003 -2.8181399e-001 -8.0979390e-001  2.4616592e-001
  1.4040000e+003 -3.0626612e-001 -8.3424603e-001  2.2171379e-001
  1.4050000e+003 -3.5687581e-001 -8.8485572e-001  1.7110410e-001
  1.4060000e+003 -4.2284471e-001 -9.5082462e-001  1.0513520e-001
  1.4070000e+003 -4.8898757e-001 -1.0169675e+000  3.8992338e-002
  1.4080000e+003 -5.4071395e-001 -1.0686939e+000 -1.2734042e-002
  1.4090000e+003 -5.6853415e-001 -1.0965141e+000 -4.0554242e-002
  1.4100000e+003 -5.7062056e-001 -1.0986005e+000 -4.2640652e-002
  1.4110000e+003 -5.5268108e-001 -1.0806610e+000 -2.4701172e-002
  1.4120000e+003 -5.2534973e-001 -1.0533296e+000  2.6301779e-003
  1.4130000e+003 -5.0013475e-001 -1.0281147e+000  2.7845158e-002
  1.4140000e+003 -4.8539971e-001 -1.0133796e+000  4.2580198e-002
  1.4150000e+003 -4.8375788e-001 -1.0117378e+000  4.4222028e-002
  1.4160000e+003 -4.9169162e-001 -1.0196715e+000  3.6288288e-002
  1.4170000e+003 -5.0139072e-001 -1.0293706e+000  2.6589188e-002
  1.4180000e+003 -5.0403272e-001 -1.0320126e+000  2.3947188e-002
  1.4190000e+003 -4.9327327e-001 -1.0212532e+000  3.4706638e-002
  1.4200000e+003 -4.6771497e-001 -9.9569488e-001  6.0264938e-002
  1.4210000e+003 -4.3155365e-001 -9.5953356e-001  9.6426258e-002
  1.4220000e+003 -3.9328098e-001 -9.2126089e-001  1.3469893e-001
  1.4230000e+003 -3.6299475e-001 -8.9097466e-001  1.6498516e-001
  1.4240000e+003 -3.4929427e-001 -8.7727418e-001  1.7868564e-001
  1.4250000e+003 -3.5678565e-001 -8.8476556e-001  1.7119426e-001
  1.4260000e+003 -3.8491121e-001 -9.1289112e-001  1.4306870e-001
  1.4270000e+003 -4.2829942e-001 -9.5627933e-001  9.9680488e-002
  1.4280000e+003 -4.7832249e-001 -1.0063024e+000  4.9657418e-002
  1.4290000e+003 -5.2523561e-001 -1.0532155e+000  2.7442979e-003
  1.4300000e+003 -5.6023819e-001 -1.0882181e+000 -3.2258282e-002
  1.4310000e+003 -5.7700233e-001 -1.1049822e+000 -4.9022422e-002
  1.4320000e+003 -5.7251918e-001 -1.1004991e+000 -4.4539272e-002
  1.4330000e+003 -5.4736106e-001 -1.0753410e+000 -1.9381152e-002
  1.4340000e+003 -5.0554259e-001 -1.0335225e+000  2.2437318e-002
  1.4350000e+003 -4.5408830e-001 -9.8206821e-001  7.3891608e-002
  1.4360000e+003 -4.0226780e-001 -9.3024771e-001  1.2571211e-001
  1.4370000e+003 -3.6037754e-001 -8.8835745e-001  1.6760237e-001
  1.4380000e+003 -3.3802242e-001 -8.6600233e-001  1.8995749e-001
  1.4390000e+003 -3.4208057e-001 -8.7006048e-001  1.8589934e-001
  1.4400000e+003 -3.7481582e-001 -9.0279573e-001  1.5316409e-001
  1.4410000e+003 -4.3277125e-001 -9.6075116e-001  9.5208658e-002
  1.4420000e+003 -5.0699892e-001 -1.0349788e+000  2.0980988e-002
  1.4430000e+003 -5.8482384e-001 -1.1128037e+000 -5.6843932e-002
  1.4440000e+003 -6.5281002e-001 -1.1807899e+000 -1.2483011e-001
  1.4450000e+003 -7.0010222e-001 -1.2280821e+000 -1.7212231e-001
  1.4460000e+003 -7.2108486e-001 -1.2490648e+000 -1.9310495e-001
  1.4470000e+003 -7.1646226e-001 -1.2444422e+000 -1.8848235e-001
  1.4480000e+003 -6.9239553e-001 -1.2203754e+000 -1.6441562e-001
  1.4490000e+003 -6.5803800e-001 -1.1860179e+000 -1.3005809e-001
  1.4500000e+003 -6.2241400e-001 -1.1503939e+000 -9.4434092e-002
  1.4510000e+003 -5.9182725e-001 -1.1198072e+000 -6.3847342e-002
  1.4520000e+003 -5.6875527e-001 -1.0967352e+000 -4.0775362e-002
  1.4530000e+003 -5.5256197e-001 -1.0805419e+000 -2.4582062e-002
  1.4540000e+003 -5.4158938e-001 -1.0695693e+000 -1.3609472e-002
  1.4550000e+003 -5.3558737e-001 -1.0635673e+000 -7.6074621e-003
  1.4560000e+003 -5.3726047e-001 -1.0652404e+000 -9.2805621e-003
  1.4570000e+003 -5.5204499e-001 -1.0800249e+000 -2.4065082e-002
  1.4580000e+003 -5.8596235e-001 -1.1139423e+000 -5.7982442e-002
  1.4590000e+003 -6.4224641e-001 -1.1702263e+000 -1.1426650e-001
  1.4600000e+003 -7.1807679e-001 -1.2460567e+000 -1.9009688e-001
  1.4610000e+003 -8.0289736e-001 -1.3308773e+000 -2.7491745e-001
  1.4620000e+003 -8.7936839e-001 -1.4073483e+000 -3.5138848e-001
  1.4630000e+003 -9.2711473e-001 -1.4550946e+000 -3.9913482e-001
  1.4640000e+003 -9.2839525e-001 -1.4563752e+000 -4.0041534e-001
  1.4650000e+003 -8.7400710e-001 -1.4019870e+000 -3.4602719e-001
  1.4660000e+003 -7.6746674e-001 -1.2954466e+000 -2.3948683e-001
  1.4670000e+003 -6.2590540e-001 -1.1538853e+000 -9.7925492e-002
  1.4680000e+003 -4.7707651e-001 -1.0050564e+000  5.0903398e-002
  1.4690000e+003 -3.5308076e-001 -8.8106067e-001  1.7489915e-001
  1.4700000e+003 -2.8246561e-001 -8.1044552e-001  2.4551430e-001
  1.4710000e+003 -2.8289531e-001 -8.1087522e-001  2.4508460e-001
  1.4720000e+003 -3.5644270e-001 -8.8442261e-001  1.7153721e-001
  1.4730000e+003 -4.8878586e-001 -1.0167658e+000  3.9194048e-002
  1.4740000e+003 -6.5246974e-001 -1.1804496e+000 -1.2448983e-001
  1.4750000e+003 -8.1327867e-001 -1.3412586e+000 -2.8529876e-001
  1.4760000e+003 -9.3799086e-001 -1.4659708e+000 -4.1001095e-001
  1.4770000e+003 -1.0015443e+000 -1.5295242e+000 -4.7356439e-001
  1.4780000e+003 -9.9194697e-001 -1.5199269e+000 -4.6396706e-001
  1.4790000e+003 -9.1196507e-001 -1.4399450e+000 -3.8398516e-001
  1.4800000e+003 -7.7749573e-001 -1.3054756e+000 -2.4951582e-001
  1.4810000e+003 -6.1332220e-001 -1.1413021e+000 -8.5342292e-002
  1.4820000e+003 -4.4748540e-001 -9.7546531e-001  8.0494508e-002
  1.4830000e+003 -3.0567888e-001 -8.3365879e-001  2.2230103e-001
  1.4840000e+003 -2.0688611e-001 -7.3486602e-001  3.2109380e-001
  1.4850000e+003 -1.6101423e-001 -6.8899414e-001  3.6696568e-001
  1.4860000e+003 -1.6868347e-001 -6.9666338e-001  3.5929644e-001
  1.4870000e+003 -2.2277841e-001 -7.5075832e-001  3.0520150e-001
  1.4880000e+003 -3.1101032e-001 -8.3899023e-001  2.1696959e-001
  1.4890000e+003 -4.1866488e-001 -9.4664479e-001  1.0931503e-001
  1.4900000e+003 -5.3090360e-001 -1.0588835e+000 -2.9236921e-003
  1.4910000e+003 -6.3434453e-001 -1.1623244e+000 -1.0636462e-001
  1.4920000e+003 -7.1800483e-001 -1.2459847e+000 -1.9002492e-001
  1.4930000e+003 -7.7389497e-001 -1.3018749e+000 -2.4591506e-001
  1.4940000e+003 -7.9753872e-001 -1.3255186e+000 -2.6955881e-001
  1.4950000e+003 -7.8848963e-001 -1.3164695e+000 -2.6050972e-001
  1.4960000e+003 -7.5065267e-001 -1.2786326e+000 -2.2267276e-001
  1.4970000e+003 -6.9205645e-001 -1.2200364e+000 -1.6407654e-001
  1.4980000e+003 -6.2377065e-001 -1.1517506e+000 -9.5790742e-002
  1.4990000e+003 -5.5793182e-001 -1.0859117e+000 -2.9951912e-002
  1.5000000e+003 -3.3074107e-001 -9.1048359e-001  2.4900145e-001
  1.5010000e+003 -3.6349505e-001 -9.4323757e-001  2.1624747e-001
  1.5020000e+003 -3.9704662e-001 -9.7678914e-001  1.8269590e-001
  1.5030000e+003 -4.2114074e-001 -1.0008833e+000  1.5860178e-001
  1.5040000e+003 -4.2918946e-001 -1.0089320e+000  1.5055306e-001
  1.5050000e+003 -4.1996855e-001 -9.9971107e-001  1.5977397e-001
  1.5060000e+003 -3.9767266e-001 -9.7741518e-001  1.8206986e-001
  1.5070000e+003 -3.7035522e-001 -9.5009774e-001  2.0938730e-001
  1.5080000e+003 -3.4728861e-001 -9.2703113e-001  2.3245391e-001
  1.5090000e+003 -3.3611967e-001 -9.1586219e-001  2.4362285e-001
  1.5100000e+003 -3.4073635e-001 -9.2047887e-001  2.3900617e-001
  1.5110000e+003 -3.6047317e-001 -9.4021569e-001  2.1926935e-001
  1.5120000e+003 -3.9076901e-001 -9.7051153e-001  1.8897351e-001
  1.5130000e+003 -4.2485212e-001 -1.0045946e+000  1.5489040e-001
  1.5140000e+003 -4.5569167e-001 -1.0354342e+000  1.2405085e-001
  1.5150000e+003 -4.7746711e-001 -1.0572096e+000  1.0227541e-001
  1.5160000e+003 -4.8615899e-001 -1.0659015e+000  9.3583525e-002
  1.5170000e+003 -4.7938131e-001 -1.0591238e+000  1.0036121e-001
  1.5180000e+003 -4.5599397e-001 -1.0357365e+000  1.2374855e-001
  1.5190000e+003 -4.1612380e-001 -9.9586632e-001  1.6361872e-001
  1.5200000e+003 -3.6191099e-001 -9.4165351e-001  2.1783153e-001
  1.5210000e+003 -2.9872306e-001 -8.7846558e-001  2.8101946e-001
  1.5220000e+003 -2.3603703e-001 -8.1577955e-001  3.4370549e-001
  1.5230000e+003 -1.8700634e-001 -7.6674886e-001  3.9273618e-001
  1.5240000e+003 -1.6607988e-001 -7.4582240e-001  4.1366264e-001
  1.5250000e+003 -1.8485646e-001 -7.6459898e-001  3.9488606e-001
  1.5260000e+003 -2.4731525e-001 -8.2705777e-001  3.3242727e-001
  1.5270000e+003 -3.4621813e-001 -9.2596065e-001  2.3352439e-001
  1.5280000e+003 -4.6246363e-001 -1.0422061e+000  1.1727889e-001
  1.5290000e+003 -5.6837366e-001 -1.1481162e+000  1.1368855e-002
  1.5300000e+003 -6.3453751e-001 -1.2142800e+000 -5.4794995e-002
  1.5310000e+003 -6.3841793e-001 -1.2181604e+000 -5.8675415e-002
  1.5320000e+003 -5.7201116e-001 -1.1517537e+000  7.7313551e-003
  1.5330000e+003 -4.4586476e-001 -1.0256073e+000  1.3387776e-001
  1.5340000e+003 -2.8776484e-001 -8.6750736e-001  2.9197768e-001
  1.5350000e+003 -1.3609816e-001 -7.1584068e-001  4.4364436e-001
  1.5360000e+003 -2.9680260e-002 -6.0942278e-001  5.5006226e-001
  1.5370000e+003  2.9258238e-003 -5.7681669e-001  5.8266834e-001
  1.5380000e+003 -4.8651691e-002 -6.2839421e-001  5.3109082e-001
  1.5390000e+003 -1.7378705e-001 -7.5352957e-001  4.0595547e-001
  1.5400000e+003 -3.4393171e-001 -9.2367423e-001  2.3581081e-001
  1.5410000e+003 -5.2048065e-001 -1.1002232e+000  5.9261865e-002
  1.5420000e+003 -6.6493612e-001 -1.2446786e+000 -8.5193605e-002
  1.5430000e+003 -7.4834939e-001 -1.3280919e+000 -1.6860687e-001
  1.5440000e+003 -7.5748619e-001 -1.3372287e+000 -1.7774367e-001
  1.5450000e+003 -6.9637766e-001 -1.2761202e+000 -1.1663514e-001
  1.5460000e+003 -5.8340912e-001 -1.1631516e+000 -3.6666049e-003
  1.5470000e+003 -4.4534701e-001 -1.0250895e+000  1.3439551e-001
  1.5480000e+003 -3.1033689e-001 -8.9007941e-001  2.6940563e-001
  1.5490000e+003 -2.0181335e-001 -7.8155587e-001  3.7792917e-001
  1.5500000e+003 -1.3460479e-001 -7.1434731e-001  4.4513773e-001
  1.5510000e+003 -1.1362031e-001 -6.9336283e-001  4.6612221e-001
  1.5520000e+003 -1.3472785e-001 -7.1447037e-001  4.4501467e-001
  1.5530000e+003 -1.8701145e-001 -7.6675397e-001  3.9273107e-001
  1.5540000e+003 -2.5558239e-001 -8.3532491e-001  3.2416013e-001
  1.5550000e+003 -3.2438665e-001 -9.0412917e-001  2.5535587e-001
  1.5560000e+003 -3.7877721e-001 -9.5851973e-001  2.0096531e-001
  1.5570000e+003 -4.0780489e-001 -9.8754741e-001  1.7193763e-001
  1.5580000e+003 -4.0614012e-001 -9.8588264e-001  1.7360240e-001
  1.5590000e+003 -3.7534046e-001 -9.5508298e-001  2.0440206e-001
  1.5600000e+003 -3.2399905e-001 -9.0374157e-001  2.5574347e-001
  1.5610000e+003 -2.6633706e-001 -8.4607958e-001  3.1340546e-001
  1.5620000e+003 -2.1913284e-001 -7.9887536e-001  3.6060968e-001
  1.5630000e+003 -1.9744656e-001 -7.7718908e-001  3.8229596e-001
  1.5640000e+003 -2.1018879e-001 -7.8993131e-001  3.6955373e-001
  1.5650000e+003 -2.5691891e-001 -8.3666143e-001  3.2282361e-001
  1.5660000e+003 -3.2712732e-001 -9.0686984e-001  2.5261520e-001
  1.5670000e+003 -4.0261068e-001 -9.8235320e-001  1.7713184e-001
  1.5680000e+003 -4.6255836e-001 -1.0423009e+000  1.1718416e-001
  1.5690000e+003 -4.8996861e-001 -1.0697111e+000  8.9773905e-002
  1.5700000e+003 -4.7738737e-001 -1.0571299e+000  1.0235515e-001
  1.5710000e+003 -4.2998918e-001 -1.0097317e+000  1.4975334e-001
  1.5720000e+003 -3.6475435e-001 -9.4449687e-001  2.1498817e-001
  1.5730000e+003 -3.0573230e-001 -8.8547482e-001  2.7401022e-001
  1.5740000e+003 -2.7670872e-001 -8.5645124e-001  3.0303380e-001
  1.5750000e+003 -2.9354804e-001 -8.7329056e-001  2.8619448e-001
  1.5760000e+003 -3.5870565e-001 -9.3844817e-001  2.2103687e-001
  1.5770000e+003 -4.5978669e-001 -1.0395292e+000  1.1995583e-001
  1.5780000e+003 -5.7275436e-001 -1.1524969e+000  6.9881551e-003
  1.5790000e+003 -6.6887841e-001 -1.2486209e+000 -8.9135895e-002
  1.5800000e+003 -7.2327452e-001 -1.3030170e+000 -1.4353200e-001
  1.5810000e+003 -7.2233794e-001 -1.3020805e+000 -1.4259542e-001
  1.5820000e+003 -6.6771131e-001 -1.2474538e+000 -8.7968795e-002
  1.5830000e+003 -5.7553864e-001 -1.1552812e+000  4.2038751e-003
  1.5840000e+003 -4.7128070e-001 -1.0510232e+000  1.0846182e-001
  1.5850000e+003 -3.8179780e-001 -9.6154032e-001  1.9794472e-001
  1.5860000e+003 -3.2727461e-001 -9.0701713e-001  2.5246791e-001
  1.5870000e+003 -3.1557887e-001 -8.9532139e-001  2.6416365e-001
  1.5880000e+003 -3.4080595e-001 -9.2054847e-001  2.3893657e-001
  1.5890000e+003 -3.8634229e-001 -9.6608481e-001  1.9340023e-001
  1.5900000e+003 -4.3126020e-001 -1.0110027e+000  1.4848232e-001
  1.5910000e+003 -4.5775377e-001 -1.0374963e+000  1.2198875e-001
  1.5920000e+003 -4.5702213e-001 -1.0367646e+000  1.2272039e-001
  1.5930000e+003 -4.3160980e-001 -1.0113523e+000  1.4813272e-001
  1.5940000e+003 -3.9351179e-001 -9.7325431e-001  1.8623073e-001
  1.5950000e+003 -3.5888000e-001 -9.3862252e-001  2.2086252e-001
  1.5960000e+003 -3.4137719e-001 -9.2111971e-001  2.3836533e-001
  1.5970000e+003 -3.4668058e-001 -9.2642310e-001  2.3306194e-001
  1.5980000e+003 -3.7017795e-001 -9.4992047e-001  2.0956457e-001
  1.5990000e+003 -3.9869866e-001 -9.7844118e-001  1.8104386e-001
  1.6000000e+003 -6.4422460e-001 -1.1936368e+000 -9.4812443e-002
  1.6010000e+003 -5.7831845e-001 -1.1277306e+000 -2.8906293e-002
  1.6020000e+003 -4.7288054e-001 -1.0222927e+000  7.6531617e-002
  1.6030000e+003 -3.4509136e-001 -8.9450352e-001  2.0432080e-001
  1.6040000e+003 -2.1903928e-001 -7.6845144e-001  3.3037288e-001
  1.6050000e+003 -1.2082329e-001 -6.7023545e-001  4.2858887e-001
  1.6060000e+003 -7.2050303e-002 -6.2146246e-001  4.7736185e-001
  1.6070000e+003 -8.3520375e-002 -6.3293253e-001  4.6589178e-001
  1.6080000e+003 -1.5116273e-001 -7.0057489e-001  3.9824943e-001
  1.6090000e+003 -2.5584923e-001 -8.0526139e-001  2.9356293e-001
  1.6100000e+003 -3.6763918e-001 -9.1705134e-001  1.8177298e-001
  1.6110000e+003 -4.5361447e-001 -1.0030266e+000  9.5797687e-002
  1.6120000e+003 -4.8720614e-001 -1.0366183e+000  6.2206017e-002
  1.6130000e+003 -4.5624544e-001 -1.0056576e+000  9.3166717e-002
  1.6140000e+003 -3.6717345e-001 -9.1658561e-001  1.8223871e-001
  1.6150000e+003 -2.4390637e-001 -7.9331853e-001  3.0550579e-001
  1.6160000e+003 -1.2147118e-001 -6.7088334e-001  4.2794098e-001
  1.6170000e+003 -3.6179815e-002 -5.8559197e-001  5.1323234e-001
  1.6180000e+003 -1.5248176e-002 -5.6466033e-001  5.3416398e-001
  1.6190000e+003 -6.8993063e-002 -6.1840522e-001  4.8041909e-001
  1.6200000e+003 -1.8796238e-001 -7.3737454e-001  3.6144978e-001
  1.6210000e+003 -3.4581612e-001 -8.9522828e-001  2.0359604e-001
  1.6220000e+003 -5.0698308e-001 -1.0563952e+000  4.2429077e-002
  1.6230000e+003 -6.3666208e-001 -1.1860742e+000 -8.7249923e-002
  1.6240000e+003 -7.1009096e-001 -1.2595031e+000 -1.6067880e-001
  1.6250000e+003 -7.1836495e-001 -1.2677771e+000 -1.6895279e-001
  1.6260000e+003 -6.6929923e-001 -1.2187114e+000 -1.1988707e-001
  1.6270000e+003 -5.8346345e-001 -1.1328756e+000 -3.4051293e-002
  1.6280000e+003 -4.8700987e-001 -1.0364220e+000  6.2402287e-002
  1.6290000e+003 -4.0378515e-001 -9.5319731e-001  1.4562701e-001
  1.6300000e+003 -3.4921237e-001 -8.9862453e-001  2.0019979e-001
  1.6310000e+003 -3.2761787e-001 -8.7703003e-001  2.2179429e-001
  1.6320000e+003 -3.3338948e-001 -8.8280164e-001  2.1602268e-001
  1.6330000e+003 -3.5505734e-001 -9.0446950e-001  1.9435482e-001
  1.6340000e+003 -3.8051800e-001 -9.2993016e-001  1.6889416e-001
  1.6350000e+003 -4.0143383e-001 -9.5084599e-001  1.4797833e-001
  1.6360000e+003 -4.1534230e-001 -9.6475446e-001  1.3406986e-001
  1.6370000e+003 -4.2498076e-001 -9.7439292e-001  1.2443140e-001
  1.6380000e+003 -4.3541007e-001 -9.8482223e-001  1.1400209e-001
  1.6390000e+003 -4.5032484e-001 -9.9973700e-001  9.9087317e-002
  1.6400000e+003 -4.6919680e-001 -1.0186090e+000  8.0215357e-002
  1.6410000e+003 -4.8653256e-001 -1.0359447e+000  6.2879597e-002
  1.6420000e+003 -4.9367134e-001 -1.0430835e+000  5.5740817e-002
  1.6430000e+003 -4.8251392e-001 -1.0319261e+000  6.6898237e-002
  1.6440000e+003 -4.4973855e-001 -9.9915071e-001  9.9673607e-002
  1.6450000e+003 -3.9974397e-001 -9.4915613e-001  1.4966819e-001
  1.6460000e+003 -3.4490999e-001 -8.9432215e-001  2.0450217e-001
  1.6470000e+003 -3.0268641e-001 -8.5209857e-001  2.4672575e-001
  1.6480000e+003 -2.9020333e-001 -8.3961549e-001  2.5920883e-001
  1.6490000e+003 -3.1811219e-001 -8.6752435e-001  2.3129997e-001
  1.6500000e+003 -3.8582802e-001 -9.3524018e-001  1.6358414e-001
  1.6510000e+003 -4.8004268e-001 -1.0294548e+000  6.9369477e-002
  1.6520000e+003 -5.7737810e-001 -1.1267903e+000 -2.7965943e-002
  1.6530000e+003 -6.5066874e-001 -1.2000809e+000 -1.0125658e-001
  1.6540000e+003 -6.7707375e-001 -1.2264859e+000 -1.2766159e-001
  1.6550000e+003 -6.4547933e-001 -1.1948915e+000 -9.6067173e-002
  1.6560000e+003 -5.6073678e-001 -1.1101489e+000 -1.1324623e-002
  1.6570000e+003 -4.4319539e-001 -9.9260755e-001  1.0621677e-001
  1.6580000e+003 -3.2344822e-001 -8.7286038e-001  2.2596394e-001
  1.6590000e+003 -2.3374714e-001 -7.8315930e-001  3.1566502e-001
  1.6600000e+003 -1.9865653e-001 -7.4806869e-001  3.5075563e-001
  1.6610000e+003 -2.2783180e-001 -7.7724396e-001  3.2158036e-001
  1.6620000e+003 -3.1320444e-001 -8.6261660e-001  2.3620772e-001
  1.6630000e+003 -4.3150342e-001 -9.8091558e-001  1.1790874e-001
  1.6640000e+003 -5.5135878e-001 -1.1007709e+000 -1.9466233e-003
  1.6650000e+003 -6.4275633e-001 -1.1921685e+000 -9.3344173e-002
  1.6660000e+003 -6.8583296e-001 -1.2352451e+000 -1.3642080e-001
  1.6670000e+003 -6.7620058e-001 -1.2256127e+000 -1.2678842e-001
  1.6680000e+003 -6.2512892e-001 -1.1745411e+000 -7.5716763e-002
  1.6690000e+003 -5.5464659e-001 -1.1040587e+000 -5.2344333e-003
  1.6700000e+003 -4.8935502e-001 -1.0387672e+000  6.0057137e-002
  1.6710000e+003 -4.4788332e-001 -9.9729548e-001  1.0152884e-001
  1.6720000e+003 -4.3701499e-001 -9.8642715e-001  1.1239717e-001
  1.6730000e+003 -4.5052206e-001 -9.9993422e-001  9.8890097e-002
  1.6740000e+003 -4.7298223e-001 -1.0223944e+000  7.6429927e-002
  1.6750000e+003 -4.8697169e-001 -1.0363838e+000  6.2440467e-002
  1.6760000e+003 -4.8073387e-001 -1.0301460e+000  6.8678287e-002
  1.6770000e+003 -4.5324228e-001 -1.0026544e+000  9.6169877e-002
  1.6780000e+003 -4.1460240e-001 -9.6401456e-001  1.3480976e-001
  1.6790000e+003 -3.8160093e-001 -9.3101309e-001  1.6781123e-001
  1.6800000e+003 -3.7018815e-001 -9.1960031e-001  1.7922401e-001
  1.6810000e+003 -3.8797840e-001 -9.3739056e-001  1.6143376e-001
  1.6820000e+003 -4.2993271e-001 -9.7934487e-001  1.1947945e-001
  1.6830000e+003 -4.7918232e-001 -1.0285945e+000  7.0229837e-002
  1.6840000e+003 -5.1291569e-001 -1.0623278e+000  3.6496467e-002
  1.6850000e+003 -5.1118824e-001 -1.0606004e+000  3.8223917e-002
  1.6860000e+003 -4.6525172e-001 -1.0146639e+000  8.4160437e-002
  1.6870000e+003 -3.8206229e-001 -9.3147445e-001  1.6734987e-001
  1.6880000e+003 -2.8301440e-001 -8.3242656e-001  2.6639776e-001
  1.6890000e+003 -1.9713599e-001 -7.4654815e-001  3.5227617e-001
  1.6900000e+003 -1.5112362e-001 -7.0053578e-001  3.9828854e-001
  1.6910000e+003 -1.5986020e-001 -7.0927236e-001  3.8955196e-001
  1.6920000e+003 -2.2094666e-001 -7.7035882e-001  3.2846550e-001
  1.6930000e+003 -3.1532480e-001 -8.6473696e-001  2.3408736e-001
  1.6940000e+003 -4.1381901e-001 -9.6323117e-001  1.3559315e-001
  1.6950000e+003 -4.8723069e-001 -1.0366428e+000  6.2181467e-002
  1.6960000e+003 -5.1630838e-001 -1.0657205e+000  3.3103777e-002
  1.6970000e+003 -4.9798084e-001 -1.0473930e+000  5.1431317e-002
  1.6980000e+003 -4.4564915e-001 -9.9506131e-001  1.0376301e-001
  1.6990000e+003 -3.8354971e-001 -9.3296187e-001  1.6586245e-001
  1.7000000e+003 -1.6322218e-001 -6.7116338e-001  3.4471902e-001
  1.7010000e+003 -2.9763520e-001 -8.0557640e-001  2.1030600e-001
  1.7020000e+003 -4.3160375e-001 -9.3954495e-001  7.6337453e-002
  1.7030000e+003 -5.3878970e-001 -1.0467309e+000 -3.0848497e-002
  1.7040000e+003 -5.9786581e-001 -1.1058070e+000 -8.9924607e-002
  1.7050000e+003 -5.9860767e-001 -1.1065489e+000 -9.0666467e-002
  1.7060000e+003 -5.4543739e-001 -1.0533786e+000 -3.7496187e-002
  1.7070000e+003 -4.5712595e-001 -9.6506715e-001  5.0815253e-002
  1.7080000e+003 -3.6234589e-001 -8.7028709e-001  1.4559531e-001
  1.7090000e+003 -2.9200328e-001 -7.9994448e-001  2.1593792e-001
  1.7100000e+003 -2.7038127e-001 -7.7832247e-001  2.3755993e-001
  1.7110000e+003 -3.0769286e-001 -8.1563406e-001  2.0024834e-001
  1.7120000e+003 -3.9640379e-001 -9.0434499e-001  1.1153741e-001
  1.7130000e+003 -5.1265206e-001 -1.0205933e+000 -4.7108567e-003
  1.7140000e+003 -6.2255410e-001 -1.1304953e+000 -1.1461290e-001
  1.7150000e+003 -6.9165048e-001 -1.1995917e+000 -1.8370928e-001
  1.7160000e+003 -6.9473311e-001 -1.2026743e+000 -1.8679191e-001
  1.7170000e+003 -6.2316261e-001 -1.1311038e+000 -1.1522141e-001
  1.7180000e+003 -4.8757276e-001 -9.9551396e-001  2.0368443e-002
  1.7190000e+003 -3.1528419e-001 -8.2322539e-001  1.9265701e-001
  1.7200000e+003 -1.4331881e-001 -6.5126001e-001  3.6462239e-001
  1.7210000e+003 -9.1038144e-003 -5.1704502e-001  4.9883739e-001
  1.7220000e+003  5.8565992e-002 -4.4937521e-001  5.6650720e-001
  1.7230000e+003  4.6044206e-002 -4.6189700e-001  5.5398541e-001
  1.7240000e+003 -4.2546446e-002 -5.5048765e-001  4.6539476e-001
  1.7250000e+003 -1.8684634e-001 -6.9478754e-001  3.2109486e-001
  1.7260000e+003 -3.5521922e-001 -8.6316042e-001  1.5272198e-001
  1.7270000e+003 -5.1179753e-001 -1.0197387e+000 -3.8563267e-003
  1.7280000e+003 -6.2406641e-001 -1.1320076e+000 -1.1612521e-001
  1.7290000e+003 -6.6955594e-001 -1.1774971e+000 -1.6161474e-001
  1.7300000e+003 -6.4049591e-001 -1.1484371e+000 -1.3255471e-001
  1.7310000e+003 -5.4562882e-001 -1.0535700e+000 -3.7687617e-002
  1.7320000e+003 -4.0875264e-001 -9.1669384e-001  9.9188563e-002
  1.7330000e+003 -2.6402112e-001 -7.7196232e-001  2.4392008e-001
  1.7340000e+003 -1.4861089e-001 -6.5655209e-001  3.5933031e-001
  1.7350000e+003 -9.4033136e-002 -6.0197434e-001  4.1390807e-001
  1.7360000e+003 -1.1795956e-001 -6.2590076e-001  3.8998164e-001
  1.7370000e+003 -2.1869569e-001 -7.2663689e-001  2.8924551e-001
  1.7380000e+003 -3.7413394e-001 -8.8207514e-001  1.3380726e-001
  1.7390000e+003 -5.4606819e-001 -1.0540094e+000 -3.8126987e-002
  1.7400000e+003 -6.8931135e-001 -1.1972526e+000 -1.8137015e-001
  1.7410000e+003 -7.6352805e-001 -1.2714693e+000 -2.5558685e-001
  1.7420000e+003 -7.4460474e-001 -1.2525459e+000 -2.3666354e-001
  1.7430000e+003 -6.3218269e-001 -1.1401239e+000 -1.2424149e-001
  1.7440000e+003 -4.5086384e-001 -9.5880504e-001  5.7077363e-002
  1.7450000e+003 -2.4437566e-001 -7.5231686e-001  2.6356554e-001
  1.7460000e+003 -6.4115528e-002 -5.7205673e-001  4.4382568e-001
  1.7470000e+003  4.4713441e-002 -4.6322776e-001  5.5265464e-001
  1.7480000e+003  5.5336006e-002 -4.5260520e-001  5.6327721e-001
  1.7490000e+003 -3.3587385e-002 -5.4152859e-001  4.7435382e-001
  1.7500000e+003 -1.9818266e-001 -7.0612386e-001  3.0975854e-001
  1.7510000e+003 -3.9659959e-001 -9.0454079e-001  1.1134161e-001
  1.7520000e+003 -5.8093471e-001 -1.0888759e+000 -7.2993507e-002
  1.7530000e+003 -7.1018332e-001 -1.2181245e+000 -2.0224212e-001
  1.7540000e+003 -7.6043024e-001 -1.2683714e+000 -2.5248904e-001
  1.7550000e+003 -7.2953881e-001 -1.2374800e+000 -2.2159761e-001
  1.7560000e+003 -6.3543106e-001 -1.1433723e+000 -1.2748986e-001
  1.7570000e+003 -5.0903073e-001 -1.0169719e+000 -1.0895267e-003
  1.7580000e+003 -3.8442543e-001 -8.9236663e-001  1.2351577e-001
  1.7590000e+003 -2.8936621e-001 -7.9730741e-001  2.1857499e-001
  1.7600000e+003 -2.3877583e-001 -7.4671703e-001  2.6916537e-001
  1.7610000e+003 -2.3273444e-001 -7.4067564e-001  2.7520676e-001
  1.7620000e+003 -2.5892038e-001 -7.6686158e-001  2.4902082e-001
  1.7630000e+003 -2.9820582e-001 -8.0614702e-001  2.0973538e-001
  1.7640000e+003 -3.3139875e-001 -8.3933995e-001  1.7654245e-001
  1.7650000e+003 -3.4510133e-001 -8.5304253e-001  1.6283987e-001
  1.7660000e+003 -3.3519834e-001 -8.4313954e-001  1.7274286e-001
  1.7670000e+003 -3.0732978e-001 -8.1527098e-001  2.0061142e-001
  1.7680000e+003 -2.7454738e-001 -7.8248858e-001  2.3339382e-001
  1.7690000e+003 -2.5299670e-001 -7.6093790e-001  2.5494450e-001
  1.7700000e+003 -2.5681894e-001 -7.6476014e-001  2.5112226e-001
  1.7710000e+003 -2.9354547e-001 -8.0148667e-001  2.1439573e-001
  1.7720000e+003 -3.6112018e-001 -8.6906138e-001  1.4682102e-001
  1.7730000e+003 -4.4737176e-001 -9.5531296e-001  6.0569443e-002
  1.7740000e+003 -5.3228328e-001 -1.0402245e+000 -2.4342077e-002
  1.7750000e+003 -5.9278512e-001 -1.1007263e+000 -8.4843917e-002
  1.7760000e+003 -6.0909982e-001 -1.1170410e+000 -1.0115862e-001
  1.7770000e+003 -5.7105209e-001 -1.0789933e+000 -6.3110887e-002
  1.7780000e+003 -4.8245344e-001 -9.9039464e-001  2.5487763e-002
  1.7790000e+003 -3.6189315e-001 -8.6983435e-001  1.4604805e-001
  1.7800000e+003 -2.3909982e-001 -7.4704102e-001  2.6884138e-001
  1.7810000e+003 -1.4734510e-001 -6.5528630e-001  3.6059610e-001
  1.7820000e+003 -1.1376937e-001 -6.2171057e-001  3.9417183e-001
  1.7830000e+003 -1.5051090e-001 -6.5845210e-001  3.5743030e-001
  1.7840000e+003 -2.4965687e-001 -7.5759807e-001  2.5828433e-001
  1.7850000e+003 -3.8410807e-001 -8.9204927e-001  1.2383313e-001
  1.7860000e+003 -5.1464741e-001 -1.0225886e+000 -6.7062067e-003
  1.7870000e+003 -6.0138942e-001 -1.1093306e+000 -9.3448217e-002
  1.7880000e+003 -6.1611851e-001 -1.1240597e+000 -1.0817731e-001
  1.7890000e+003 -5.5146265e-001 -1.0594039e+000 -4.3521447e-002
  1.7900000e+003 -4.2369353e-001 -9.3163473e-001  8.4247673e-002
  1.7910000e+003 -2.6797658e-001 -7.7591778e-001  2.3996462e-001
  1.7920000e+003 -1.2743624e-001 -6.3537744e-001  3.8050496e-001
  1.7930000e+003 -3.9552872e-002 -5.4749408e-001  4.6838833e-001
  1.7940000e+003 -2.4383556e-002 -5.3232476e-001  4.8355765e-001
  1.7950000e+003 -7.8531873e-002 -5.8647308e-001  4.2940933e-001
  1.7960000e+003 -1.7686578e-001 -6.8480698e-001  3.3107542e-001
  1.7970000e+003 -2.8137134e-001 -7.8931254e-001  2.2656986e-001
  1.7980000e+003 -3.5413900e-001 -8.6208020e-001  1.5380220e-001
  1.7990000e+003 -3.7012408e-001 -8.7806528e-001  1.3781712e-001
  1.8000000e+003 -5.8016826e-002 -6.1221943e-001  4.9618578e-001
  1.8010000e+003 -8.8204347e-003 -5.6302304e-001  5.4538217e-001
  1.8020000e+003  1.5948848e-003 -5.5260772e-001  5.5579749e-001
  1.8030000e+003 -4.4114928e-002 -5.9831754e-001  5.1008768e-001
  1.8040000e+003 -1.4854287e-001 -7.0274548e-001  4.0565974e-001
  1.8050000e+003 -2.9657355e-001 -8.5077616e-001  2.5762906e-001
  1.8060000e+003 -4.5787673e-001 -1.0120793e+000  9.6325878e-002
  1.8070000e+003 -5.9449475e-001 -1.1486974e+000 -4.0292142e-002
  1.8080000e+003 -6.7153826e-001 -1.2257409e+000 -1.1733565e-001
  1.8090000e+003 -6.6789662e-001 -1.2220992e+000 -1.1369401e-001
  1.8100000e+003 -5.8365288e-001 -1.1378555e+000 -2.9450272e-002
  1.8110000e+003 -4.4168802e-001 -9.9589063e-001  1.1251459e-001
  1.8120000e+003 -2.8258629e-001 -8.3678890e-001  2.7161632e-001
  1.8130000e+003 -1.5396281e-001 -7.0816542e-001  4.0023980e-001
  1.8140000e+003 -9.7121635e-002 -6.5132424e-001  4.5708097e-001
  1.8150000e+003 -1.3493638e-001 -6.8913899e-001  4.1926623e-001
  1.8160000e+003 -2.6466072e-001 -8.1886333e-001  2.8954189e-001
  1.8170000e+003 -4.5801007e-001 -1.0122127e+000  9.6192538e-002
  1.8180000e+003 -6.6868776e-001 -1.2228904e+000 -1.1448515e-001
  1.8190000e+003 -8.4522631e-001 -1.3994289e+000 -2.9102370e-001
  1.8200000e+003 -9.4532547e-001 -1.4995281e+000 -3.9112286e-001
  1.8210000e+003 -9.4736632e-001 -1.5015689e+000 -3.9316371e-001
  1.8220000e+003 -8.5565616e-001 -1.4098588e+000 -3.0145355e-001
  1.8230000e+003 -6.9794267e-001 -1.2521453e+000 -1.4374006e-001
  1.8240000e+003 -5.1617985e-001 -1.0703825e+000  3.8022758e-002
  1.8250000e+003 -3.5362574e-001 -9.0782835e-001  2.0057687e-001
  1.8260000e+003 -2.4241581e-001 -7.9661842e-001  3.1178680e-001
  1.8270000e+003 -1.9545156e-001 -7.4965417e-001  3.5875105e-001
  1.8280000e+003 -2.0490225e-001 -7.5910486e-001  3.4930036e-001
  1.8290000e+003 -2.4738172e-001 -8.0158433e-001  3.0682089e-001
  1.8300000e+003 -2.9369088e-001 -8.4789349e-001  2.6051173e-001
  1.8310000e+003 -3.1962808e-001 -8.7383069e-001  2.3457453e-001
  1.8320000e+003 -3.1419471e-001 -8.6839732e-001  2.4000790e-001
  1.8330000e+003 -2.8257798e-001 -8.3678059e-001  2.7162463e-001
  1.8340000e+003 -2.4317894e-001 -7.9738155e-001  3.1102367e-001
  1.8350000e+003 -2.2001140e-001 -7.7421401e-001  3.3419121e-001
  1.8360000e+003 -2.3332904e-001 -7.8753165e-001  3.2087357e-001
  1.8370000e+003 -2.9184064e-001 -8.4604325e-001  2.6236197e-001
  1.8380000e+003 -3.8920539e-001 -9.4340800e-001  1.6499722e-001
  1.8390000e+003 -5.0591814e-001 -1.0601207e+000  4.8284468e-002
  1.8400000e+003 -6.1576668e-001 -1.1699693e+000 -6.1564072e-002
  1.8410000e+003 -6.9444858e-001 -1.2486512e+000 -1.4024597e-001
  1.8420000e+003 -7.2723250e-001 -1.2814351e+000 -1.7302989e-001
  1.8430000e+003 -7.1297833e-001 -1.2671809e+000 -1.5877572e-001
  1.8440000e+003 -6.6322602e-001 -1.2174286e+000 -1.0902341e-001
  1.8450000e+003 -5.9690864e-001 -1.1511112e+000 -4.2706032e-002
  1.8460000e+003 -5.3286169e-001 -1.0870643e+000  2.1340918e-002
  1.8470000e+003 -4.8308396e-001 -1.0372866e+000  7.1118648e-002
  1.8480000e+003 -4.4936134e-001 -1.0035639e+000  1.0484127e-001
  1.8490000e+003 -4.2451123e-001 -9.7871384e-001  1.2969138e-001
  1.8500000e+003 -2.9544503e-001             NaN             NaN
