   5.0000000e+02  -9.4662866e-02  -3.9396897e-01   2.0464323e-01
   5.0100000e+02  -1.0426285e-01  -4.0356895e-01   1.9504325e-01
   5.0200000e+02  -1.1686018e-01  -4.1616628e-01   1.8244592e-01
   5.0300000e+02  -1.2891365e-01  -4.2821975e-01   1.7039245e-01
   5.0400000e+02  -1.3655813e-01  -4.3586423e-01   1.6274797e-01
   5.0500000e+02  -1.3630030e-01  -4.3560640e-01   1.6300580e-01
   5.0600000e+02  -1.2573212e-01  -4.2503822e-01   1.7357398e-01
   5.0700000e+02  -1.0413863e-01  -4.0344473e-01   1.9516747e-01
   5.0800000e+02  -7.2874489e-02  -3.7218059e-01   2.2643161e-01
   5.0900000e+02  -3.5402411e-02  -3.3470851e-01   2.6390368e-01
   5.1000000e+02   3.0714566e-03  -2.9623464e-01   3.0237755e-01
   5.1100000e+02   3.6365593e-02  -2.6294050e-01   3.3567169e-01
   5.1200000e+02   5.8413502e-02  -2.4089259e-01   3.5771960e-01
   5.1300000e+02   6.4509527e-02  -2.3479657e-01   3.6381562e-01
   5.1400000e+02   5.2472401e-02  -2.4683369e-01   3.5177850e-01
   5.1500000e+02   2.3456684e-02  -2.7584942e-01   3.2276278e-01
   5.1600000e+02  -1.7830806e-02  -3.1713690e-01   2.8147529e-01
   5.1700000e+02  -6.3656785e-02  -3.6296289e-01   2.3564931e-01
   5.1800000e+02  -1.0452173e-01  -4.0382783e-01   1.9478437e-01
   5.1900000e+02  -1.3096385e-01  -4.3026995e-01   1.6834225e-01
   5.2000000e+02  -1.3555260e-01  -4.3485870e-01   1.6375350e-01
   5.2100000e+02  -1.1462605e-01  -4.1393215e-01   1.8468005e-01
   5.2200000e+02  -6.9343357e-02  -3.6864946e-01   2.2996274e-01
   5.2300000e+02  -5.7588086e-03  -3.0506490e-01   2.9354729e-01
   5.2400000e+02   6.6152655e-02  -2.3315344e-01   3.6545875e-01
   5.2500000e+02   1.3433508e-01  -1.6497101e-01   4.3364118e-01
   5.2600000e+02   1.8696127e-01  -1.1234483e-01   4.8626737e-01
   5.2700000e+02   2.1470849e-01  -8.4597610e-02   5.1401459e-01
   5.2800000e+02   2.1251628e-01  -8.6789820e-02   5.1182238e-01
   5.2900000e+02   1.8047981e-01  -1.1882629e-01   4.7978591e-01
   5.3000000e+02   1.2373982e-01  -1.7556627e-01   4.2304592e-01
   5.3100000e+02   5.1446455e-02  -2.4785964e-01   3.5075255e-01
   5.3200000e+02  -2.4953702e-02  -3.2425980e-01   2.7435239e-01
   5.3300000e+02  -9.3759847e-02  -3.9306595e-01   2.0554625e-01
   5.3400000e+02  -1.4501945e-01  -4.4432555e-01   1.5428665e-01
   5.3500000e+02  -1.7216019e-01  -4.7146629e-01   1.2714591e-01
   5.3600000e+02  -1.7299816e-01  -4.7230426e-01   1.2630794e-01
   5.3700000e+02  -1.4997082e-01  -4.4927692e-01   1.4933528e-01
   5.3800000e+02  -1.0956088e-01  -4.0886698e-01   1.8974522e-01
   5.3900000e+02  -6.1007107e-02  -3.6031321e-01   2.3829899e-01
   5.4000000e+02  -1.4526564e-02  -3.1383266e-01   2.8477953e-01
   5.4100000e+02   2.0621954e-02  -2.7868414e-01   3.1992805e-01
   5.4200000e+02   3.7853086e-02  -2.6145301e-01   3.3715918e-01
   5.4300000e+02   3.4396607e-02  -2.6490949e-01   3.3370270e-01
   5.4400000e+02   1.1629133e-02  -2.8767696e-01   3.1093523e-01
   5.4500000e+02  -2.5459002e-02  -3.2476510e-01   2.7384709e-01
   5.4600000e+02  -6.9512829e-02  -3.6881893e-01   2.2979327e-01
   5.4700000e+02  -1.1246025e-01  -4.1176635e-01   1.8684585e-01
   5.4800000e+02  -1.4715615e-01  -4.4646225e-01   1.5214995e-01
   5.4900000e+02  -1.6864621e-01  -4.6795231e-01   1.3065988e-01
   5.5000000e+02  -1.7479728e-01  -4.7410338e-01   1.2450882e-01
   5.5100000e+02  -1.6622490e-01  -4.6553099e-01   1.3308120e-01
   5.5200000e+02  -1.4563437e-01  -4.4494047e-01   1.5367173e-01
   5.5300000e+02  -1.1682721e-01  -4.1613331e-01   1.8247889e-01
   5.5400000e+02  -8.3675775e-02  -3.8298188e-01   2.1563032e-01
   5.5500000e+02  -4.9331062e-02  -3.4863716e-01   2.4997504e-01
   5.5600000e+02  -1.5824145e-02  -3.1513024e-01   2.8348195e-01
   5.5700000e+02   1.5911440e-02  -2.8339466e-01   3.1521753e-01
   5.5800000e+02   4.5689075e-02  -2.5361702e-01   3.4499517e-01
   5.5900000e+02   7.3559780e-02  -2.2574631e-01   3.7286588e-01
   5.6000000e+02   9.9333495e-02  -1.9997260e-01   3.9863959e-01
   5.6100000e+02   1.2228674e-01  -1.7701936e-01   4.2159283e-01
   5.6200000e+02   1.4114214e-01  -1.5816395e-01   4.4044824e-01
   5.6300000e+02   1.5432104e-01  -1.4498505e-01   4.5362714e-01
   5.6400000e+02   1.6039250e-01  -1.3891360e-01   4.5969859e-01
   5.6500000e+02   1.5858848e-01  -1.4071762e-01   4.5789457e-01
   5.6600000e+02   1.4923395e-01  -1.5007214e-01   4.4854005e-01
   5.6700000e+02   1.3395616e-01  -1.6534993e-01   4.3326226e-01
   5.6800000e+02   1.1558603e-01  -1.8372007e-01   4.1489212e-01
   5.6900000e+02   9.7737561e-02  -2.0156853e-01   3.9704366e-01
   5.7000000e+02   8.4134196e-02  -2.1517190e-01   3.8344029e-01
   5.7100000e+02   7.7825191e-02  -2.2148090e-01   3.7713129e-01
   5.7200000e+02   8.0480843e-02  -2.1882525e-01   3.7978694e-01
   5.7300000e+02   9.1955310e-02  -2.0735078e-01   3.9126141e-01
   5.7400000e+02   1.1025376e-01  -1.8905234e-01   4.0955985e-01
   5.7500000e+02   1.3194419e-01  -1.6736190e-01   4.3125029e-01
   5.7600000e+02   1.5293682e-01  -1.4636927e-01   4.5224292e-01
   5.7700000e+02   1.6944848e-01  -1.2985762e-01   4.6875458e-01
   5.7800000e+02   1.7891010e-01  -1.2039600e-01   4.7821620e-01
   5.7900000e+02   1.8058295e-01  -1.1872315e-01   4.7988905e-01
   5.8000000e+02   1.7572427e-01  -1.2358183e-01   4.7503037e-01
   5.8100000e+02   1.6726471e-01  -1.3204139e-01   4.6657081e-01
   5.8200000e+02   1.5908866e-01  -1.4021743e-01   4.5839476e-01
   5.8300000e+02   1.5510775e-01  -1.4419835e-01   4.5441384e-01
   5.8400000e+02   1.5835728e-01  -1.4094881e-01   4.5766338e-01
   5.8500000e+02   1.7032136e-01  -1.2898474e-01   4.6962746e-01
   5.8600000e+02   1.9061760e-01  -1.0868850e-01   4.8992370e-01
   5.8700000e+02   2.1707760e-01  -8.2228498e-02   5.1638370e-01
   5.8800000e+02   2.4617168e-01  -5.3134423e-02   5.4547778e-01
   5.8900000e+02   2.7366772e-01  -2.5638373e-02   5.7297382e-01
   5.9000000e+02   2.9538844e-01  -3.9176582e-03   5.9469454e-01
   5.9100000e+02   3.0793415e-01   8.6280488e-03   6.0724024e-01
   5.9200000e+02   3.0925803e-01   9.9519285e-03   6.0856412e-01
   5.9300000e+02   2.9900839e-01  -2.9770259e-04   5.9831449e-01
   5.9400000e+02   2.7858624e-01  -2.0719857e-02   5.7789234e-01
   5.9500000e+02   2.5090395e-01  -4.8402147e-02   5.5021005e-01
   5.9600000e+02   2.1987684e-01  -7.9429262e-02   5.1918294e-01
   5.9700000e+02   1.8972503e-01  -1.0958107e-01   4.8903113e-01
   5.9800000e+02   1.6420458e-01  -1.3510152e-01   4.6351068e-01
   5.9900000e+02   1.4590872e-01  -1.5339738e-01   4.4521481e-01
   6.0000000e+02   1.3577618e-01  -1.6251303e-01   4.3406539e-01
   6.0100000e+02   1.3291045e-01  -1.6537876e-01   4.3119966e-01
   6.0200000e+02   1.3475619e-01  -1.6353302e-01   4.3304540e-01
   6.0300000e+02   1.3761000e-01  -1.6067921e-01   4.3589921e-01
   6.0400000e+02   1.3737557e-01  -1.6091364e-01   4.3566478e-01
   6.0500000e+02   1.3042028e-01  -1.6786893e-01   4.2870949e-01
   6.0600000e+02   1.1436348e-01  -1.8392573e-01   4.1265269e-01
   6.0700000e+02   8.8629231e-02  -2.0965998e-01   3.8691844e-01
   6.0800000e+02   5.4633341e-02  -2.4365587e-01   3.5292256e-01
   6.0900000e+02   1.5541252e-02  -2.8274796e-01   3.1383046e-01
   6.1000000e+02  -2.4377196e-02  -3.2266641e-01   2.7391201e-01
   6.1100000e+02  -6.0674580e-02  -3.5896379e-01   2.3761463e-01
   6.1200000e+02  -8.9732570e-02  -3.8802178e-01   2.0855664e-01
   6.1300000e+02  -1.0960610e-01  -4.0789531e-01   1.8868311e-01
   6.1400000e+02  -1.2047958e-01  -4.1876879e-01   1.7780963e-01
   6.1500000e+02  -1.2459005e-01  -4.2287926e-01   1.7369916e-01
   6.1600000e+02  -1.2560250e-01  -4.2389171e-01   1.7268671e-01
   6.1700000e+02  -1.2757158e-01  -4.2586079e-01   1.7071763e-01
   6.1800000e+02  -1.3375119e-01  -4.3204040e-01   1.6453802e-01
   6.1900000e+02  -1.4557572e-01  -4.4386493e-01   1.5271349e-01
   6.2000000e+02  -1.6211153e-01  -4.6040074e-01   1.3617768e-01
   6.2100000e+02  -1.8016125e-01  -4.7845046e-01   1.1812796e-01
   6.2200000e+02  -1.9502705e-01  -4.9331626e-01   1.0326216e-01
   6.2300000e+02  -2.0174970e-01  -5.0003891e-01   9.6539512e-02
   6.2400000e+02  -1.9649464e-01  -4.9478385e-01   1.0179457e-01
   6.2500000e+02  -1.7770328e-01  -4.7599249e-01   1.2058593e-01
   6.2600000e+02  -1.4668362e-01  -4.4497283e-01   1.5160559e-01
   6.2700000e+02  -1.0746845e-01  -4.0575766e-01   1.9082076e-01
   6.2800000e+02  -6.5976453e-02  -3.6426566e-01   2.3231276e-01
   6.2900000e+02  -2.8706401e-02  -3.2699561e-01   2.6958281e-01
   6.3000000e+02  -1.3206357e-03  -2.9960985e-01   2.9696857e-01
   6.3100000e+02   1.2509366e-02  -2.8577984e-01   3.1079858e-01
   6.3200000e+02   1.1716940e-02  -2.8657227e-01   3.1000615e-01
   6.3300000e+02  -2.1941465e-03  -3.0048336e-01   2.9609506e-01
   6.3400000e+02  -2.5750787e-02  -3.2404000e-01   2.7253843e-01
   6.3500000e+02  -5.4450958e-02  -3.5274017e-01   2.4383825e-01
   6.3600000e+02  -8.3756871e-02  -3.8204608e-01   2.1453234e-01
   6.3700000e+02  -1.0989125e-01  -4.0818046e-01   1.8839796e-01
   6.3800000e+02  -1.3029576e-01  -4.2858497e-01   1.6799345e-01
   6.3900000e+02  -1.4374123e-01  -4.4203044e-01   1.5454798e-01
   6.4000000e+02  -1.5018266e-01  -4.4847187e-01   1.4810655e-01
   6.4100000e+02  -1.5049269e-01  -4.4878190e-01   1.4779652e-01
   6.4200000e+02  -1.4618388e-01  -4.4447309e-01   1.5210533e-01
   6.4300000e+02  -1.3916500e-01  -4.3745421e-01   1.5912421e-01
   6.4400000e+02  -1.3151219e-01  -4.2980140e-01   1.6677702e-01
   6.4500000e+02  -1.2520632e-01  -4.2349553e-01   1.7308289e-01
   6.4600000e+02  -1.2180949e-01  -4.2009870e-01   1.7647972e-01
   6.4700000e+02  -1.2211451e-01  -4.2040372e-01   1.7617470e-01
   6.4800000e+02  -1.2586697e-01  -4.2415618e-01   1.7242224e-01
   6.4900000e+02  -1.3169059e-01  -4.2997980e-01   1.6659862e-01
   6.5000000e+02  -1.3731687e-01  -4.3560608e-01   1.6097234e-01
   6.5100000e+02  -1.4012831e-01  -4.3841752e-01   1.5816090e-01
   6.5200000e+02  -1.3790204e-01  -4.3619125e-01   1.6038717e-01
   6.5300000e+02  -1.2953466e-01  -4.2782387e-01   1.6875455e-01
   6.5400000e+02  -1.1549031e-01  -4.1377952e-01   1.8279890e-01
   6.5500000e+02  -9.7770163e-02  -3.9605937e-01   2.0051905e-01
   6.5600000e+02  -7.9346824e-02  -3.7763603e-01   2.1894239e-01
   6.5700000e+02  -6.3197195e-02  -3.6148640e-01   2.3509202e-01
   6.5800000e+02  -5.1236565e-02  -3.4952578e-01   2.4705264e-01
   6.5900000e+02  -4.3535201e-02  -3.4182441e-01   2.5475401e-01
   6.6000000e+02  -3.8145058e-02  -3.3643427e-01   2.6014415e-01
   6.6100000e+02  -3.1681002e-02  -3.2997021e-01   2.6660821e-01
   6.6200000e+02  -2.0539220e-02  -3.1882844e-01   2.7774999e-01
   6.6300000e+02  -2.3835496e-03  -3.0067276e-01   2.9590566e-01
   6.6400000e+02   2.2617533e-02  -2.7567168e-01   3.2090674e-01
   6.6500000e+02   5.1297331e-02  -2.4699188e-01   3.4958655e-01
   6.6600000e+02   7.8028313e-02  -2.2026090e-01   3.7631752e-01
   6.6700000e+02   9.6242211e-02  -2.0204700e-01   3.9453142e-01
   6.6800000e+02   1.0052633e-01  -1.9776288e-01   3.9881554e-01
   6.6900000e+02   8.8635607e-02  -2.0965360e-01   3.8692482e-01
   6.7000000e+02   6.2712608e-02  -2.3557660e-01   3.6100182e-01
   6.7100000e+02   2.9205083e-02  -2.6908413e-01   3.2749430e-01
   6.7200000e+02  -2.6330979e-03  -3.0092231e-01   2.9565611e-01
   6.7300000e+02  -2.3298493e-02  -3.2158770e-01   2.7499072e-01
   6.7400000e+02  -2.5902653e-02  -3.2419186e-01   2.7238656e-01
   6.7500000e+02  -8.4315800e-03  -3.0672080e-01   2.8985763e-01
   6.7600000e+02   2.5375793e-02  -2.7291342e-01   3.2366500e-01
   6.7700000e+02   6.6895595e-02  -2.3139361e-01   3.6518481e-01
   6.7800000e+02   1.0504141e-01  -1.9324780e-01   4.0333062e-01
   6.7900000e+02   1.2952925e-01  -1.6875997e-01   4.2781846e-01
   6.8000000e+02   1.3397163e-01  -1.6431758e-01   4.3226084e-01
   6.8100000e+02   1.1781429e-01  -1.8047492e-01   4.1610350e-01
   6.8200000e+02   8.6484257e-02  -2.1180495e-01   3.8477347e-01
   6.8300000e+02   4.9686626e-02  -2.4860259e-01   3.4797584e-01
   6.8400000e+02   1.8381470e-02  -2.7990774e-01   3.1667068e-01
   6.8500000e+02   1.3917655e-03  -2.9689744e-01   2.9968098e-01
   6.8600000e+02   2.7021681e-03  -2.9558704e-01   3.0099138e-01
   6.8700000e+02   2.0274425e-02  -2.7801478e-01   3.1856364e-01
   6.8800000e+02   4.6713441e-02  -2.5157577e-01   3.4500266e-01
   6.8900000e+02   7.1535889e-02  -2.2675332e-01   3.6982510e-01
   6.9000000e+02   8.4311726e-02  -2.1397749e-01   3.8260094e-01
   6.9100000e+02   7.7716550e-02  -2.2057266e-01   3.7600576e-01
   6.9200000e+02   4.9608351e-02  -2.4868086e-01   3.4789756e-01
   6.9300000e+02   3.5809814e-03  -2.9470823e-01   3.0187019e-01
   6.9400000e+02  -5.2077147e-02  -3.5036636e-01   2.4621206e-01
   6.9500000e+02  -1.0663502e-01  -4.0492423e-01   1.9165419e-01
   6.9600000e+02  -1.4969720e-01  -4.4798641e-01   1.4859201e-01
   6.9700000e+02  -1.7374834e-01  -4.7203755e-01   1.2454087e-01
   6.9800000e+02  -1.7584488e-01  -4.7413409e-01   1.2244433e-01
   6.9900000e+02  -1.5811783e-01  -4.5640704e-01   1.4017138e-01
   7.0000000e+02  -1.2707503e-01  -4.2863901e-01   1.7448895e-01
   7.0100000e+02  -9.1965354e-02  -3.9352933e-01   2.0959863e-01
   7.0200000e+02  -6.2634942e-02  -3.6419892e-01   2.3892904e-01
   7.0300000e+02  -4.7356188e-02  -3.4892016e-01   2.5420779e-01
   7.0400000e+02  -5.1062697e-02  -3.5262667e-01   2.5050128e-01
   7.0500000e+02  -7.4313535e-02  -3.7587752e-01   2.2725044e-01
   7.0600000e+02  -1.1316499e-01  -4.1472897e-01   1.8839899e-01
   7.0700000e+02  -1.5996926e-01  -4.6153324e-01   1.4159472e-01
   7.0800000e+02  -2.0495723e-01  -5.0652120e-01   9.6606752e-02
   7.0900000e+02  -2.3831242e-01  -5.3987640e-01   6.3251558e-02
   7.1000000e+02  -2.5232744e-01  -5.5389142e-01   4.9236539e-02
   7.1100000e+02  -2.4318354e-01  -5.4474752e-01   5.8380439e-02
   7.1200000e+02  -2.1193470e-01  -5.1349868e-01   8.9629273e-02
   7.1300000e+02  -1.6442216e-01  -4.6598614e-01   1.3714182e-01
   7.1400000e+02  -1.1007416e-01  -4.1163814e-01   1.9148982e-01
   7.1500000e+02  -5.9814960e-02  -3.6137894e-01   2.4174902e-01
   7.1600000e+02  -2.3545973e-02  -3.2510995e-01   2.7801800e-01
   7.1700000e+02  -7.8030730e-03  -3.0936705e-01   2.9376090e-01
   7.1800000e+02  -1.4185454e-02  -3.1574943e-01   2.8737852e-01
   7.1900000e+02  -3.8981394e-02  -3.4054537e-01   2.6258258e-01
   7.2000000e+02  -7.4118733e-02  -3.7568271e-01   2.2744525e-01
   7.2100000e+02  -1.0921773e-01  -4.1078171e-01   1.9234625e-01
   7.2200000e+02  -1.3421854e-01  -4.3578252e-01   1.6734544e-01
   7.2300000e+02  -1.4188648e-01  -4.4345046e-01   1.5967750e-01
   7.2400000e+02  -1.2952254e-01  -4.3108652e-01   1.7204144e-01
   7.2500000e+02  -9.9426356e-02  -4.0099034e-01   2.0213762e-01
   7.2600000e+02  -5.8015393e-02  -3.5957937e-01   2.4354859e-01
   7.2700000e+02  -1.3893024e-02  -3.1545700e-01   2.8767095e-01
   7.2800000e+02   2.4539231e-02  -2.7702474e-01   3.2610321e-01
   7.2900000e+02   5.1209854e-02  -2.5035413e-01   3.5277383e-01
   7.3000000e+02   6.3633218e-02  -2.3793076e-01   3.6519719e-01
   7.3100000e+02   6.2973412e-02  -2.3859057e-01   3.6453739e-01
   7.3200000e+02   5.2985151e-02  -2.4857882e-01   3.5454913e-01
   7.3300000e+02   3.8257724e-02  -2.6330625e-01   3.3982170e-01
   7.3400000e+02   2.2395442e-02  -2.7916853e-01   3.2395942e-01
   7.3500000e+02   6.7596413e-03  -2.9480434e-01   3.0832362e-01
   7.3600000e+02  -9.8197743e-03  -3.1138375e-01   2.9174420e-01
   7.3700000e+02  -3.0302806e-02  -3.3186679e-01   2.7126117e-01
   7.3800000e+02  -5.7964168e-02  -3.5952815e-01   2.4359981e-01
   7.3900000e+02  -9.4725807e-02  -3.9628979e-01   2.0683817e-01
   7.4000000e+02  -1.3989244e-01  -4.4145642e-01   1.6167154e-01
   7.4100000e+02  -1.8973811e-01  -4.9130209e-01   1.1182587e-01
   7.4200000e+02  -2.3810012e-01  -5.3966410e-01   6.3463854e-02
   7.4300000e+02  -2.7780548e-01  -5.7936946e-01   2.3758496e-02
   7.4400000e+02  -3.0249424e-01  -6.0405822e-01  -9.3026616e-04
   7.4500000e+02  -3.0829367e-01  -6.0985765e-01  -6.7296917e-03
   7.4600000e+02  -2.9486161e-01  -5.9642558e-01   6.7023721e-03
   7.4700000e+02  -2.6552180e-01  -5.6708578e-01   3.6042175e-02
   7.4800000e+02  -2.2648373e-01  -5.2804770e-01   7.5080253e-02
   7.4900000e+02  -1.8538675e-01  -4.8695073e-01   1.1617723e-01
   7.5000000e+02  -1.4956590e-01  -4.5112988e-01   1.5199808e-01
   7.5100000e+02  -1.2447241e-01  -4.2603639e-01   1.7709157e-01
   7.5200000e+02  -1.1260567e-01  -4.1416965e-01   1.8895831e-01
   7.5300000e+02  -1.1316160e-01  -4.1472558e-01   1.8840238e-01
   7.5400000e+02  -1.2242543e-01  -4.2398941e-01   1.7913855e-01
   7.5500000e+02  -1.3477590e-01  -4.3633988e-01   1.6678808e-01
   7.5600000e+02  -1.4405204e-01  -4.4561602e-01   1.5751194e-01
   7.5700000e+02  -1.4497548e-01  -4.4653946e-01   1.5658850e-01
   7.5800000e+02  -1.3432298e-01  -4.3588696e-01   1.6724100e-01
   7.5900000e+02  -1.1160342e-01  -4.1316740e-01   1.8996056e-01
   7.6000000e+02  -7.9100585e-02  -3.8066456e-01   2.2246340e-01
   7.6100000e+02  -4.1284594e-02  -3.4284857e-01   2.6027938e-01
   7.6200000e+02  -3.7416809e-03  -3.0530566e-01   2.9782229e-01
   7.6300000e+02   2.8108784e-02  -2.7345519e-01   3.2967276e-01
   7.6400000e+02   5.0186620e-02  -2.5137736e-01   3.5175059e-01
   7.6500000e+02   6.0521209e-02  -2.4104277e-01   3.6208518e-01
   7.6600000e+02   5.9445609e-02  -2.4211837e-01   3.6100959e-01
   7.6700000e+02   4.9210143e-02  -2.5235383e-01   3.5077412e-01
   7.6800000e+02   3.3181066e-02  -2.6838291e-01   3.3474505e-01
   7.6900000e+02   1.4902427e-02  -2.8666155e-01   3.1646640e-01
   7.7000000e+02  -2.6841826e-03  -3.0424816e-01   2.9887980e-01
   7.7100000e+02  -1.7651145e-02  -3.1921512e-01   2.8391284e-01
   7.7200000e+02  -2.9067869e-02  -3.3063185e-01   2.7249611e-01
   7.7300000e+02  -3.6656149e-02  -3.3822013e-01   2.6490783e-01
   7.7400000e+02  -4.0328234e-02  -3.4189221e-01   2.6123575e-01
   7.7500000e+02  -3.9838149e-02  -3.4140212e-01   2.6172583e-01
   7.7600000e+02  -3.4704784e-02  -3.3626876e-01   2.6685920e-01
   7.7700000e+02  -2.4434311e-02  -3.2599829e-01   2.7712967e-01
   7.7800000e+02  -8.9339335e-03  -3.1049791e-01   2.9263004e-01
   7.7900000e+02   1.1077933e-02  -2.9048605e-01   3.1264191e-01
   7.8000000e+02   3.3866336e-02  -2.6769764e-01   3.3543031e-01
   7.8100000e+02   5.6807135e-02  -2.4475684e-01   3.5837111e-01
   7.8200000e+02   7.6851765e-02  -2.2471221e-01   3.7841574e-01
   7.8300000e+02   9.1207835e-02  -2.1035614e-01   3.9277181e-01
   7.8400000e+02   9.8029735e-02  -2.0353424e-01   3.9959372e-01
   7.8500000e+02   9.6898836e-02  -2.0466514e-01   3.9846281e-01
   7.8600000e+02   8.8931442e-02  -2.1263254e-01   3.9049542e-01
   7.8700000e+02   7.6464357e-02  -2.2509962e-01   3.7802834e-01
   7.8800000e+02   6.2397272e-02  -2.3916670e-01   3.6396125e-01
   7.8900000e+02   4.9379214e-02  -2.5218476e-01   3.5094319e-01
   7.9000000e+02   3.9080219e-02  -2.6248376e-01   3.4064419e-01
   7.9100000e+02   3.1772186e-02  -2.6979179e-01   3.3333616e-01
   7.9200000e+02   2.6356581e-02  -2.7520739e-01   3.2792056e-01
   7.9300000e+02   2.0843475e-02  -2.8072051e-01   3.2240745e-01
   7.9400000e+02   1.3144066e-02  -2.8841991e-01   3.1470804e-01
   7.9500000e+02   1.9308000e-03  -2.9963317e-01   3.0349478e-01
   7.9600000e+02  -1.2717176e-02  -3.1428115e-01   2.8884680e-01
   7.9700000e+02  -2.9112571e-02  -3.3067655e-01   2.7245140e-01
   7.9800000e+02  -4.4299980e-02  -3.4586396e-01   2.5726400e-01
   7.9900000e+02  -5.4862213e-02  -3.5642619e-01   2.4670177e-01
   8.0000000e+02  -5.7960043e-02  -3.5900808e-01   2.4308800e-01
   8.0100000e+02  -5.2284171e-02  -3.5333221e-01   2.4876387e-01
   8.0200000e+02  -3.8613352e-02  -3.3966139e-01   2.6243469e-01
   8.0300000e+02  -1.9788768e-02  -3.2083681e-01   2.8125927e-01
   8.0400000e+02  -9.6236745e-05  -3.0114428e-01   3.0095180e-01
   8.0500000e+02   1.5767983e-02  -2.8528006e-01   3.1681602e-01
   8.0600000e+02   2.3846003e-02  -2.7720204e-01   3.2489404e-01
   8.0700000e+02   2.1854100e-02  -2.7919394e-01   3.2290214e-01
   8.0800000e+02   9.6567572e-03  -2.9139128e-01   3.1070480e-01
   8.0900000e+02  -1.0817287e-02  -3.1186533e-01   2.9023075e-01
   8.1000000e+02  -3.6142409e-02  -3.3719045e-01   2.6490563e-01
   8.1100000e+02  -6.2240851e-02  -3.6328889e-01   2.3880719e-01
   8.1200000e+02  -8.5246342e-02  -3.8629438e-01   2.1580170e-01
   8.1300000e+02  -1.0216352e-01  -4.0321156e-01   1.9888452e-01
   8.1400000e+02  -1.1120156e-01  -4.1224960e-01   1.8984648e-01
   8.1500000e+02  -1.1178500e-01  -4.1283304e-01   1.8926304e-01
   8.1600000e+02  -1.0434574e-01  -4.0539378e-01   1.9670230e-01
   8.1700000e+02  -9.0045108e-02  -3.9109315e-01   2.1100293e-01
   8.1800000e+02  -7.0552390e-02  -3.7160043e-01   2.3049565e-01
   8.1900000e+02  -4.7933656e-02  -3.4898170e-01   2.5311438e-01
   8.2000000e+02  -2.4615871e-02  -3.2566391e-01   2.7643217e-01
   8.2100000e+02  -3.3266050e-03  -3.0437464e-01   2.9772144e-01
   8.2200000e+02   1.3101543e-02  -2.8794650e-01   3.1414958e-01
   8.2300000e+02   2.2120865e-02  -2.7892718e-01   3.2316890e-01
   8.2400000e+02   2.2015384e-02  -2.7903266e-01   3.2306342e-01
   8.2500000e+02   1.2463239e-02  -2.8858480e-01   3.1351128e-01
   8.2600000e+02  -5.0928017e-03  -3.0614084e-01   2.9595524e-01
   8.2700000e+02  -2.7467080e-02  -3.2851512e-01   2.7358096e-01
   8.2800000e+02  -5.0254631e-02  -3.5130267e-01   2.5079341e-01
   8.2900000e+02  -6.8811914e-02  -3.6985995e-01   2.3223613e-01
   8.3000000e+02  -7.9479453e-02  -3.8052749e-01   2.2156859e-01
   8.3100000e+02  -8.0704071e-02  -3.8175211e-01   2.2034397e-01
   8.3200000e+02  -7.3687223e-02  -3.7473526e-01   2.2736082e-01
   8.3300000e+02  -6.2276297e-02  -3.6332434e-01   2.3877174e-01
   8.3400000e+02  -5.2015936e-02  -3.5306398e-01   2.4903211e-01
   8.3500000e+02  -4.8534921e-02  -3.4958297e-01   2.5251312e-01
   8.3600000e+02  -5.5684329e-02  -3.5673237e-01   2.4536371e-01
   8.3700000e+02  -7.3983333e-02  -3.7503137e-01   2.2706471e-01
   8.3800000e+02  -9.9909986e-02  -4.0095803e-01   2.0113805e-01
   8.3900000e+02  -1.2638071e-01  -4.2742875e-01   1.7466733e-01
   8.4000000e+02  -1.4443178e-01  -4.4547982e-01   1.5661626e-01
   8.4100000e+02  -1.4573731e-01  -4.4678535e-01   1.5531073e-01
   8.4200000e+02  -1.2528632e-01  -4.2633436e-01   1.7576172e-01
   8.4300000e+02  -8.3405667e-02  -3.8445371e-01   2.1764237e-01
   8.4400000e+02  -2.6421636e-02  -3.2746968e-01   2.7462640e-01
   8.4500000e+02   3.4401699e-02  -2.6664634e-01   3.3544974e-01
   8.4600000e+02   8.5509921e-02  -2.1553812e-01   3.8655796e-01
   8.4700000e+02   1.1464448e-01  -1.8640356e-01   4.1569252e-01
   8.4800000e+02   1.1436738e-01  -1.8668066e-01   4.1541542e-01
   8.4900000e+02   8.4458930e-02  -2.1658911e-01   3.8550697e-01
   8.5000000e+02   3.2394804e-02  -2.6865324e-01   3.3344284e-01
   8.5100000e+02  -2.8345329e-02  -3.2939337e-01   2.7270272e-01
   8.5200000e+02  -8.1727023e-02  -3.8277506e-01   2.1932102e-01
   8.5300000e+02  -1.1339963e-01  -4.1444767e-01   1.8764841e-01
   8.5400000e+02  -1.1449102e-01  -4.1553906e-01   1.8655702e-01
   8.5500000e+02  -8.3852145e-02  -3.8490018e-01   2.1719590e-01
   8.5600000e+02  -2.8129845e-02  -3.2917789e-01   2.7291820e-01
   8.5700000e+02   4.0272913e-02  -2.6077513e-01   3.4132095e-01
   8.5800000e+02   1.0664692e-01  -1.9440112e-01   4.0769496e-01
   8.5900000e+02   1.5774629e-01  -1.4330175e-01   4.5879433e-01
   8.6000000e+02   1.8477834e-01  -1.1626970e-01   4.8582638e-01
   8.6100000e+02   1.8486661e-01  -1.1618143e-01   4.8591465e-01
   8.6200000e+02   1.6080462e-01  -1.4024342e-01   4.6185266e-01
   8.6300000e+02   1.1947692e-01  -1.8157112e-01   4.2052496e-01
   8.6400000e+02   6.9677244e-02  -2.3137080e-01   3.7072528e-01
   8.6500000e+02   2.0094462e-02  -2.8095358e-01   3.2114250e-01
   8.6600000e+02  -2.2010015e-02  -3.2305806e-01   2.7903802e-01
   8.6700000e+02  -5.1308072e-02  -3.5235611e-01   2.4973997e-01
   8.6800000e+02  -6.4335260e-02  -3.6538330e-01   2.3671278e-01
   8.6900000e+02  -5.9268507e-02  -3.6031655e-01   2.4177953e-01
   8.7000000e+02  -3.5911650e-02  -3.3695969e-01   2.6513639e-01
   8.7100000e+02   4.0017746e-03  -2.9704627e-01   3.0504982e-01
   8.7200000e+02   5.6383066e-02  -2.4466497e-01   3.5743111e-01
   8.7300000e+02   1.1463325e-01  -1.8641479e-01   4.1568129e-01
   8.7400000e+02   1.7014144e-01  -1.3090660e-01   4.7118948e-01
   8.7500000e+02   2.1359236e-01  -8.7455676e-02   5.1464040e-01
   8.7600000e+02   2.3688755e-01  -6.4160492e-02   5.3793559e-01
   8.7700000e+02   2.3516129e-01  -6.5886747e-02   5.3620933e-01
   8.7800000e+02   2.0822586e-01  -9.2822184e-02   5.0927390e-01
   8.7900000e+02   1.6088651e-01  -1.4016153e-01   4.6193455e-01
   8.8000000e+02   1.0190462e-01  -1.9914342e-01   4.0295266e-01
   8.8100000e+02   4.1834931e-02  -2.5921311e-01   3.4288297e-01
   8.8200000e+02  -9.6441447e-03  -3.1069218e-01   2.9140390e-01
   8.8300000e+02  -4.6099018e-02  -3.4714706e-01   2.5494902e-01
   8.8400000e+02  -6.5689416e-02  -3.6673746e-01   2.3535862e-01
   8.8500000e+02  -7.1113310e-02  -3.7216135e-01   2.2993473e-01
   8.8600000e+02  -6.8226997e-02  -3.6927504e-01   2.3282104e-01
   8.8700000e+02  -6.3842888e-02  -3.6489093e-01   2.3720515e-01
   8.8800000e+02  -6.3446973e-02  -3.6449501e-01   2.3760107e-01
   8.8900000e+02  -6.9559544e-02  -3.7060758e-01   2.3148850e-01
   8.9000000e+02  -8.1204940e-02  -3.8225298e-01   2.1984310e-01
   8.9100000e+02  -9.4563893e-02  -3.9561193e-01   2.0648415e-01
   8.9200000e+02  -1.0449694e-01  -4.0554498e-01   1.9655110e-01
   8.9300000e+02  -1.0637891e-01  -4.0742695e-01   1.9466913e-01
   8.9400000e+02  -9.7642918e-02  -3.9869096e-01   2.0340512e-01
   8.9500000e+02  -7.8588235e-02  -3.7963627e-01   2.2245981e-01
   8.9600000e+02  -5.2286378e-02  -3.5333442e-01   2.4876166e-01
   8.9700000e+02  -2.3713366e-02  -3.2476141e-01   2.7733467e-01
   8.9800000e+02   1.5531856e-03  -2.9949485e-01   3.0260123e-01
   8.9900000e+02   1.8661532e-02  -2.8238651e-01   3.1970957e-01
   9.0000000e+02  -1.0890652e-01  -4.0750353e-01   1.8969049e-01
   9.0100000e+02  -1.0418109e-01  -4.0277810e-01   1.9441592e-01
   9.0200000e+02  -9.6696851e-02  -3.9529386e-01   2.0190016e-01
   9.0300000e+02  -8.8010004e-02  -3.8660701e-01   2.1058701e-01
   9.0400000e+02  -8.0871656e-02  -3.7946867e-01   2.1772535e-01
   9.0500000e+02  -7.8314097e-02  -3.7691111e-01   2.2028291e-01
   9.0600000e+02  -8.2339124e-02  -3.8093613e-01   2.1625789e-01
   9.0700000e+02  -9.2690767e-02  -3.9128778e-01   2.0590624e-01
   9.0800000e+02  -1.0625995e-01  -4.0485696e-01   1.9233706e-01
   9.0900000e+02  -1.1751541e-01  -4.1611242e-01   1.8108160e-01
   9.1000000e+02  -1.2001332e-01  -4.1861033e-01   1.7858369e-01
   9.1100000e+02  -1.0861477e-01  -4.0721178e-01   1.8998224e-01
   9.1200000e+02  -8.1693868e-02  -3.8029088e-01   2.1690314e-01
   9.1300000e+02  -4.2497789e-02  -3.4109480e-01   2.5609922e-01
   9.1400000e+02   9.9528921e-04  -2.9760172e-01   2.9959230e-01
   9.1500000e+02   3.7911854e-02  -2.6068515e-01   3.3650886e-01
   9.1600000e+02   5.7603773e-02  -2.4099323e-01   3.5620078e-01
   9.1700000e+02   5.3120213e-02  -2.4547679e-01   3.5171722e-01
   9.1800000e+02   2.3855014e-02  -2.7474199e-01   3.2245202e-01
   9.1900000e+02  -2.3641526e-02  -3.2223853e-01   2.7495548e-01
   9.2000000e+02  -7.7145564e-02  -3.7574257e-01   2.2145145e-01
   9.2100000e+02  -1.2222651e-01  -4.2082352e-01   1.7637050e-01
   9.2200000e+02  -1.4666544e-01  -4.4526245e-01   1.5193157e-01
   9.2300000e+02  -1.4438970e-01  -4.4298671e-01   1.5420731e-01
   9.2400000e+02  -1.1757136e-01  -4.1616837e-01   1.8102565e-01
   9.2500000e+02  -7.6105491e-02  -3.7470250e-01   2.2249152e-01
   9.2600000e+02  -3.4554244e-02  -3.3315125e-01   2.6404277e-01
   9.2700000e+02  -7.5132552e-03  -3.0611026e-01   2.9108375e-01
   9.2800000e+02  -4.9173789e-03  -3.0351438e-01   2.9367963e-01
   9.2900000e+02  -2.8844607e-02  -3.2744161e-01   2.6975240e-01
   9.3000000e+02  -7.2880992e-02  -3.7147800e-01   2.2571602e-01
   9.3100000e+02  -1.2424585e-01  -4.2284286e-01   1.7435116e-01
   9.3200000e+02  -1.6794968e-01  -4.6654669e-01   1.3064733e-01
   9.3300000e+02  -1.9158952e-01  -4.9018653e-01   1.0700749e-01
   9.3400000e+02  -1.8920410e-01  -4.8780111e-01   1.0939291e-01
   9.3500000e+02  -1.6296291e-01  -4.6155992e-01   1.3563409e-01
   9.3600000e+02  -1.2221371e-01  -4.2081072e-01   1.7638330e-01
   9.3700000e+02  -8.0290311e-02  -3.7888732e-01   2.1830670e-01
   9.3800000e+02  -5.0190032e-02  -3.4878704e-01   2.4840698e-01
   9.3900000e+02  -4.0538872e-02  -3.3913588e-01   2.5805813e-01
   9.4000000e+02  -5.3096066e-02  -3.5169308e-01   2.4550094e-01
   9.4100000e+02  -8.2491539e-02  -3.8108855e-01   2.1610547e-01
   9.4200000e+02  -1.1814878e-01  -4.1674579e-01   1.8044823e-01
   9.4300000e+02  -1.4767260e-01  -4.4626961e-01   1.5092441e-01
   9.4400000e+02  -1.6058540e-01  -4.5918241e-01   1.3801161e-01
   9.4500000e+02  -1.5127692e-01  -4.4987393e-01   1.4732009e-01
   9.4600000e+02  -1.2036229e-01  -4.1895930e-01   1.7823472e-01
   9.4700000e+02  -7.4184360e-02  -3.7278137e-01   2.2441265e-01
   9.4800000e+02  -2.2761676e-02  -3.2135868e-01   2.7583533e-01
   9.4900000e+02   2.3102517e-02  -2.7549449e-01   3.2169953e-01
   9.5000000e+02   5.4676350e-02  -2.4392066e-01   3.5327336e-01
   9.5100000e+02   6.7359444e-02  -2.3123756e-01   3.6595645e-01
   9.5200000e+02   6.1498192e-02  -2.3709881e-01   3.6009520e-01
   9.5300000e+02   4.1899056e-02  -2.5669795e-01   3.4049606e-01
   9.5400000e+02   1.6328010e-02  -2.8226899e-01   3.1492502e-01
   9.5500000e+02  -6.5069791e-03  -3.0510399e-01   2.9209003e-01
   9.5600000e+02  -1.8953679e-02  -3.1755068e-01   2.7964333e-01
   9.5700000e+02  -1.5960333e-02  -3.1455734e-01   2.8263667e-01
   9.5800000e+02   4.0826195e-03  -2.9451439e-01   3.0267963e-01
   9.5900000e+02   3.9262621e-02  -2.5933438e-01   3.3785963e-01
   9.6000000e+02   8.4738755e-02  -2.1385825e-01   3.8333576e-01
   9.6100000e+02   1.3383604e-01  -1.6476097e-01   4.3243305e-01
   9.6200000e+02   1.7943078e-01  -1.1916623e-01   4.7802779e-01
   9.6300000e+02   2.1540197e-01  -8.3195036e-02   5.1399898e-01
   9.6400000e+02   2.3791047e-01  -6.0686543e-02   5.3650748e-01
   9.6500000e+02   2.4625939e-01  -5.2337617e-02   5.4485640e-01
   9.6600000e+02   2.4311272e-01  -5.5484294e-02   5.4170973e-01
   9.6700000e+02   2.3393375e-01  -6.4663257e-02   5.3253076e-01
   9.6800000e+02   2.2566448e-01  -7.2932526e-02   5.2426149e-01
   9.6900000e+02   2.2487590e-01  -7.3721115e-02   5.2347291e-01
   9.7000000e+02   2.3581879e-01  -6.2778223e-02   5.3441580e-01
   9.7100000e+02   2.5891611e-01  -3.9680901e-02   5.5751312e-01
   9.7200000e+02   2.9019828e-01  -8.3987286e-03   5.8879529e-01
   9.7300000e+02   3.2197390e-01   2.3376890e-02   6.2057091e-01
   9.7400000e+02   3.4469164e-01   4.6094630e-02   6.4328865e-01
   9.7500000e+02   3.4957894e-01   5.0981932e-02   6.4817595e-01
   9.7600000e+02   3.3135907e-01   3.2762061e-02   6.2995608e-01
   9.7700000e+02   2.9025046e-01  -8.3465449e-03   5.8884747e-01
   9.7800000e+02   2.3259206e-01  -6.6004950e-02   5.3118907e-01
   9.7900000e+02   1.6978874e-01  -1.2880827e-01   4.6838575e-01
   9.8000000e+02   1.1574118e-01  -1.8285583e-01   4.1433819e-01
   9.8100000e+02   8.3376036e-02  -2.1522097e-01   3.8197305e-01
   9.8200000e+02   8.1190620e-02  -2.1740638e-01   3.7978763e-01
   9.8300000e+02   1.1077419e-01  -1.8782282e-01   4.0937119e-01
   9.8400000e+02   1.6604191e-01  -1.3255510e-01   4.6463892e-01
   9.8500000e+02   2.3447155e-01  -6.4125460e-02   5.3306856e-01
   9.8600000e+02   3.0008641e-01   1.4894005e-03   5.9868342e-01
   9.8700000e+02   3.4743266e-01   4.8835648e-02   6.4602966e-01
   9.8800000e+02   3.6549534e-01   6.6898327e-02   6.6409234e-01
   9.8900000e+02   3.5047966e-01   5.1882648e-02   6.4907666e-01
   9.9000000e+02   3.0666981e-01   8.0727982e-03   6.0526681e-01
   9.9100000e+02   2.4510005e-01  -5.3496960e-02   5.4369706e-01
   9.9200000e+02   1.8039505e-01  -1.1820196e-01   4.7899206e-01
   9.9300000e+02   1.2667949e-01  -1.7191752e-01   4.2527650e-01
   9.9400000e+02   9.3754104e-02  -2.0484290e-01   3.9235111e-01
   9.9500000e+02   8.4677954e-02  -2.1391906e-01   3.8327496e-01
   9.9600000e+02   9.5479403e-02  -2.0311761e-01   3.9407641e-01
   9.9700000e+02   1.1705317e-01  -1.8154384e-01   4.1565018e-01
   9.9800000e+02   1.3859081e-01  -1.6000620e-01   4.3718781e-01
   9.9900000e+02   1.5137576e-01  -1.4722124e-01   4.4997277e-01
   1.0000000e+03   1.5164122e-01  -1.4695578e-01   4.5023823e-01
   1.0010000e+03   1.4150705e-01  -1.5708996e-01   4.4010406e-01
   1.0020000e+03   1.2768978e-01  -1.7090723e-01   4.2628678e-01
   1.0030000e+03   1.1848625e-01  -1.8011076e-01   4.1708325e-01
   1.0040000e+03   1.2017422e-01  -1.7842279e-01   4.1877122e-01
   1.0050000e+03   1.3420569e-01  -1.6439131e-01   4.3280270e-01
   1.0060000e+03   1.5628892e-01  -1.4230808e-01   4.5488593e-01
   1.0070000e+03   1.7775418e-01  -1.2084283e-01   4.7635119e-01
   1.0080000e+03   1.8873245e-01  -1.0986456e-01   4.8732946e-01
   1.0090000e+03   1.8197317e-01  -1.1662384e-01   4.8057018e-01
   1.0100000e+03   1.5585881e-01  -1.4273820e-01   4.5445582e-01
   1.0110000e+03   1.1544979e-01  -1.8314722e-01   4.1404679e-01
   1.0120000e+03   7.1113075e-02  -2.2748393e-01   3.6971008e-01
   1.0130000e+03   3.5182266e-02  -2.6341474e-01   3.3377927e-01
   1.0140000e+03   1.7828362e-02  -2.8076865e-01   3.1642537e-01
   1.0150000e+03   2.3617116e-02  -2.7497989e-01   3.2221413e-01
   1.0160000e+03   4.9983350e-02  -2.4861366e-01   3.4858036e-01
   1.0170000e+03   8.8162463e-02  -2.1043454e-01   3.8675947e-01
   1.0180000e+03   1.2624247e-01  -1.7235454e-01   4.2483947e-01
   1.0190000e+03   1.5325527e-01  -1.4534173e-01   4.5185228e-01
   1.0200000e+03   1.6287449e-01  -1.3572252e-01   4.6147150e-01
   1.0210000e+03   1.5544166e-01  -1.4315535e-01   4.5403867e-01
   1.0220000e+03   1.3763484e-01  -1.6096217e-01   4.3623184e-01
   1.0230000e+03   1.1990831e-01  -1.7868869e-01   4.1850532e-01
   1.0240000e+03   1.1258881e-01  -1.8600820e-01   4.1118582e-01
   1.0250000e+03   1.2196251e-01  -1.7663449e-01   4.2055952e-01
   1.0260000e+03   1.4769093e-01  -1.5090607e-01   4.4628794e-01
   1.0270000e+03   1.8245969e-01  -1.1613732e-01   4.8105670e-01
   1.0280000e+03   2.1403982e-01  -8.4557187e-02   5.1263683e-01
   1.0290000e+03   2.2915668e-01  -6.9440328e-02   5.2775369e-01
   1.0300000e+03   2.1796240e-01  -8.0634608e-02   5.1655941e-01
   1.0310000e+03   1.7768058e-01  -1.2091643e-01   4.7627759e-01
   1.0320000e+03   1.1420913e-01  -1.8438788e-01   4.1280614e-01
   1.0330000e+03   4.1071454e-02  -2.5752555e-01   3.3966846e-01
   1.0340000e+03  -2.4081591e-02  -3.2267860e-01   2.7451541e-01
   1.0350000e+03  -6.4439894e-02  -3.6303690e-01   2.3415712e-01
   1.0360000e+03  -6.8994808e-02  -3.6759182e-01   2.2960220e-01
   1.0370000e+03  -3.5959987e-02  -3.3455700e-01   2.6263702e-01
   1.0380000e+03   2.6457373e-02  -2.7213964e-01   3.2505438e-01
   1.0390000e+03   1.0225746e-01  -1.9633955e-01   4.0085446e-01
   1.0400000e+03   1.7222731e-01  -1.2636970e-01   4.7082432e-01
   1.0410000e+03   2.1954493e-01  -7.9052080e-02   5.1814194e-01
   1.0420000e+03   2.3469826e-01  -6.3898751e-02   5.3329527e-01
   1.0430000e+03   2.1818534e-01  -8.0411673e-02   5.1678235e-01
   1.0440000e+03   1.8013018e-01  -1.1846683e-01   4.7872719e-01
   1.0450000e+03   1.3690921e-01  -1.6168780e-01   4.3550621e-01
   1.0460000e+03   1.0583199e-01  -1.9276501e-01   4.0442900e-01
   1.0470000e+03   9.9552591e-02  -1.9904441e-01   3.9814960e-01
   1.0480000e+03   1.2199045e-01  -1.7660656e-01   4.2058745e-01
   1.0490000e+03   1.6707131e-01  -1.3152570e-01   4.6566832e-01
   1.0500000e+03   2.2070122e-01  -7.7895785e-02   5.1929823e-01
   1.0510000e+03   2.6534665e-01  -3.3250355e-02   5.6394366e-01
   1.0520000e+03   2.8574909e-01  -1.2847921e-02   5.8434609e-01
   1.0530000e+03   2.7393020e-01  -2.4666808e-02   5.7252721e-01
   1.0540000e+03   2.3186902e-01  -6.6727986e-02   5.3046603e-01
   1.0550000e+03   1.7098557e-01  -1.2761144e-01   4.6958258e-01
   1.0560000e+03   1.0860005e-01  -1.8999695e-01   4.0719706e-01
   1.0570000e+03   6.2515634e-02  -2.3608138e-01   3.6111264e-01
   1.0580000e+03   4.5473218e-02  -2.5312379e-01   3.4407022e-01
   1.0590000e+03   6.1254260e-02  -2.3734275e-01   3.5985127e-01
   1.0600000e+03   1.0365471e-01  -1.9494230e-01   4.0225172e-01
   1.0610000e+03   1.5860675e-01  -1.3999025e-01   4.5720376e-01
   1.0620000e+03   2.0870113e-01  -8.9895881e-02   5.0729814e-01
   1.0630000e+03   2.3860241e-01  -5.9994604e-02   5.3719942e-01
   1.0640000e+03   2.3960249e-01  -5.8994520e-02   5.3819950e-01
   1.0650000e+03   2.1189837e-01  -8.6698641e-02   5.1049538e-01
   1.0660000e+03   1.6398104e-01  -1.3461597e-01   4.6257805e-01
   1.0670000e+03   1.0949969e-01  -1.8909732e-01   4.0809670e-01
   1.0680000e+03   6.2777440e-02  -2.3581957e-01   3.6137445e-01
   1.0690000e+03   3.4526699e-02  -2.6407031e-01   3.3312370e-01
   1.0700000e+03   2.9132026e-02  -2.6946498e-01   3.2772903e-01
   1.0710000e+03   4.4227767e-02  -2.5436924e-01   3.4282477e-01
   1.0720000e+03   7.2450936e-02  -2.2614607e-01   3.7104795e-01
   1.0730000e+03   1.0451598e-01  -1.9408103e-01   4.0311298e-01
   1.0740000e+03   1.3239514e-01  -1.6620186e-01   4.3099215e-01
   1.0750000e+03   1.5149949e-01  -1.4709751e-01   4.5009650e-01
   1.0760000e+03   1.6125708e-01  -1.3733993e-01   4.5985409e-01
   1.0770000e+03   1.6415126e-01  -1.3444575e-01   4.6274827e-01
   1.0780000e+03   1.6384471e-01  -1.3475230e-01   4.6244172e-01
   1.0790000e+03   1.6327014e-01  -1.3532687e-01   4.6186715e-01
   1.0800000e+03   1.6345393e-01  -1.3514308e-01   4.6205094e-01
   1.0810000e+03   1.6344040e-01  -1.3515661e-01   4.6203741e-01
   1.0820000e+03   1.6119143e-01  -1.3740558e-01   4.5978844e-01
   1.0830000e+03   1.5495050e-01  -1.4364651e-01   4.5354751e-01
   1.0840000e+03   1.4442164e-01  -1.5417537e-01   4.4301864e-01
   1.0850000e+03   1.3124558e-01  -1.6735143e-01   4.2984258e-01
   1.0860000e+03   1.1857801e-01  -1.8001900e-01   4.1717501e-01
   1.0870000e+03   1.0994481e-01  -1.8865220e-01   4.0854182e-01
   1.0880000e+03   1.0782391e-01  -1.9077309e-01   4.0642092e-01
   1.0890000e+03   1.1249376e-01  -1.8610324e-01   4.1109077e-01
   1.0900000e+03   1.2158149e-01  -1.7701551e-01   4.2017850e-01
   1.0910000e+03   1.3049532e-01  -1.6810169e-01   4.2909233e-01
   1.0920000e+03   1.3363036e-01  -1.6496664e-01   4.3222737e-01
   1.0930000e+03   1.2599183e-01  -1.7260518e-01   4.2458884e-01
   1.0940000e+03   1.0475291e-01  -1.9384410e-01   4.0334991e-01
   1.0950000e+03   7.0283833e-02  -2.2831318e-01   3.6888084e-01
   1.0960000e+03   2.6337435e-02  -2.7225957e-01   3.2493444e-01
   1.0970000e+03  -2.0691203e-02  -3.1928821e-01   2.7790581e-01
   1.0980000e+03  -6.3260956e-02  -3.6185797e-01   2.3533605e-01
   1.0990000e+03  -9.4557401e-02  -3.9315441e-01   2.0403961e-01
   1.1000000e+03  -1.1024964e-01  -4.0884665e-01   1.8834737e-01
   1.1010000e+03  -1.0965273e-01  -4.0824974e-01   1.8894428e-01
   1.1020000e+03  -9.5959966e-02  -3.9455698e-01   2.0263704e-01
   1.1030000e+03  -7.5451419e-02  -3.7404843e-01   2.2314559e-01
   1.1040000e+03  -5.5865442e-02  -3.5446245e-01   2.4273157e-01
   1.1050000e+03  -4.4362316e-02  -3.4295932e-01   2.5423469e-01
   1.1060000e+03  -4.5638208e-02  -3.4423522e-01   2.5295880e-01
   1.1070000e+03  -6.0717383e-02  -3.5931439e-01   2.3787963e-01
   1.1080000e+03  -8.6761495e-02  -3.8535850e-01   2.1183552e-01
   1.1090000e+03  -1.1793977e-01  -4.1653678e-01   1.8065724e-01
   1.1100000e+03  -1.4709368e-01  -4.4569069e-01   1.5150333e-01
   1.1110000e+03  -1.6770316e-01  -4.6630017e-01   1.3089385e-01
   1.1120000e+03  -1.7558949e-01  -4.7418650e-01   1.2300752e-01
   1.1130000e+03  -1.6989143e-01  -4.6848844e-01   1.2870558e-01
   1.1140000e+03  -1.5308572e-01  -4.5168273e-01   1.4551129e-01
   1.1150000e+03  -1.3010986e-01  -4.2870687e-01   1.6848715e-01
   1.1160000e+03  -1.0689128e-01  -4.0548829e-01   1.9170573e-01
   1.1170000e+03  -8.8723861e-02  -3.8732087e-01   2.0987315e-01
   1.1180000e+03  -7.8932189e-02  -3.7752920e-01   2.1966482e-01
   1.1190000e+03  -7.8144667e-02  -3.7674168e-01   2.2045234e-01
   1.1200000e+03  -8.4309827e-02  -3.8290684e-01   2.1428718e-01
   1.1210000e+03  -9.3394294e-02  -3.9199130e-01   2.0520272e-01
   1.1220000e+03  -1.0054680e-01  -3.9914381e-01   1.9805021e-01
   1.1230000e+03  -1.0142482e-01  -4.0002183e-01   1.9717219e-01
   1.1240000e+03  -9.3366406e-02  -3.9196342e-01   2.0523060e-01
   1.1250000e+03  -7.6138518e-02  -3.7473553e-01   2.2245849e-01
   1.1260000e+03  -5.2091580e-02  -3.5068859e-01   2.4650543e-01
   1.1270000e+03  -2.5680255e-02  -3.2427726e-01   2.7291675e-01
   1.1280000e+03  -2.4517734e-03  -3.0104878e-01   2.9614523e-01
   1.1290000e+03   1.2270355e-02  -2.8632665e-01   3.1086736e-01
   1.1300000e+03   1.4698159e-02  -2.8389885e-01   3.1329516e-01
   1.1310000e+03   3.5662708e-03  -2.9503074e-01   3.0216328e-01
   1.1320000e+03  -1.9457401e-02  -3.1805441e-01   2.7913960e-01
   1.1330000e+03  -5.0053831e-02  -3.4865084e-01   2.4854318e-01
   1.1340000e+03  -8.2176315e-02  -3.8077333e-01   2.1642069e-01
   1.1350000e+03  -1.0940694e-01  -4.0800395e-01   1.8919007e-01
   1.1360000e+03  -1.2643174e-01  -4.2502875e-01   1.7216527e-01
   1.1370000e+03  -1.3028881e-01  -4.2888582e-01   1.6830820e-01
   1.1380000e+03  -1.2109165e-01  -4.1968866e-01   1.7750536e-01
   1.1390000e+03  -1.0204515e-01  -4.0064216e-01   1.9655186e-01
   1.1400000e+03  -7.8731695e-02  -3.7732870e-01   2.1986532e-01
   1.1410000e+03  -5.7818224e-02  -3.5641523e-01   2.4077879e-01
   1.1420000e+03  -4.5485713e-02  -3.4408272e-01   2.5311129e-01
   1.1430000e+03  -4.5969956e-02  -3.4456697e-01   2.5262705e-01
   1.1440000e+03  -6.0594562e-02  -3.5919157e-01   2.3800245e-01
   1.1450000e+03  -8.7559528e-02  -3.8615654e-01   2.1103748e-01
   1.1460000e+03  -1.2254134e-01  -4.2113835e-01   1.7605567e-01
   1.1470000e+03  -1.5991943e-01  -4.5851644e-01   1.3867758e-01
   1.1480000e+03  -1.9424765e-01  -4.9284466e-01   1.0434936e-01
   1.1490000e+03  -2.2151267e-01  -5.2010968e-01   7.7084335e-02
   1.1500000e+03  -2.3980299e-01  -5.3840000e-01   5.8794019e-02
   1.1510000e+03  -2.4922992e-01  -5.4782693e-01   4.9367090e-02
   1.1520000e+03  -2.5121986e-01  -5.4981687e-01   4.7377145e-02
   1.1530000e+03  -2.4752590e-01  -5.4612291e-01   5.1071106e-02
   1.1540000e+03  -2.3939394e-01  -5.3799095e-01   5.9203067e-02
   1.1550000e+03  -2.2722625e-01  -5.2582326e-01   7.1370759e-02
   1.1560000e+03  -2.1084953e-01  -5.0944654e-01   8.7747481e-02
   1.1570000e+03  -1.9021706e-01  -4.8881407e-01   1.0837995e-01
   1.1580000e+03  -1.6617209e-01  -4.6476910e-01   1.3242491e-01
   1.1590000e+03  -1.4086350e-01  -4.3946051e-01   1.5773351e-01
   1.1600000e+03  -1.1755076e-01  -4.1614777e-01   1.8104625e-01
   1.1610000e+03  -9.9802740e-02  -3.9839975e-01   1.9879427e-01
   1.1620000e+03  -9.0368572e-02  -3.8896558e-01   2.0822844e-01
   1.1630000e+03  -9.0161532e-02  -3.8875854e-01   2.0843548e-01
   1.1640000e+03  -9.7775856e-02  -3.9637287e-01   2.0082115e-01
   1.1650000e+03  -1.0975985e-01  -4.0835686e-01   1.8883716e-01
   1.1660000e+03  -1.2157545e-01  -4.2017246e-01   1.7702156e-01
   1.1670000e+03  -1.2890513e-01  -4.2750214e-01   1.6969188e-01
   1.1680000e+03  -1.2883353e-01  -4.2743054e-01   1.6976348e-01
   1.1690000e+03  -1.2048679e-01  -4.1908380e-01   1.7811022e-01
   1.1700000e+03  -1.0493659e-01  -4.0353360e-01   1.9366042e-01
   1.1710000e+03  -8.4475941e-02  -3.8307295e-01   2.1412107e-01
   1.1720000e+03  -6.1626095e-02  -3.6022310e-01   2.3697092e-01
   1.1730000e+03  -3.8332538e-02  -3.3692954e-01   2.6026447e-01
   1.1740000e+03  -1.5706955e-02  -3.1430396e-01   2.8289006e-01
   1.1750000e+03   5.5907746e-03  -2.9300623e-01   3.0418778e-01
   1.1760000e+03   2.4553962e-02  -2.7404305e-01   3.2315097e-01
   1.1770000e+03   3.9071618e-02  -2.5952539e-01   3.3766863e-01
   1.1780000e+03   4.5709621e-02  -2.5288739e-01   3.4430663e-01
   1.1790000e+03   4.0336812e-02  -2.5826020e-01   3.3893382e-01
   1.1800000e+03   1.9540194e-02  -2.7905682e-01   3.1813720e-01
   1.1810000e+03  -1.7619662e-02  -3.1621667e-01   2.8097735e-01
   1.1820000e+03  -6.8218064e-02  -3.6681507e-01   2.3037895e-01
   1.1830000e+03  -1.2513648e-01  -4.2373349e-01   1.7346053e-01
   1.1840000e+03  -1.7818453e-01  -4.7678154e-01   1.2041247e-01
   1.1850000e+03  -2.1655109e-01  -5.1514810e-01   8.2045920e-02
   1.1860000e+03  -2.3192349e-01  -5.3052050e-01   6.6673515e-02
   1.1870000e+03  -2.2126178e-01  -5.1985878e-01   7.7335232e-02
   1.1880000e+03  -1.8820699e-01  -4.8680400e-01   1.1039002e-01
   1.1890000e+03  -1.4247958e-01  -4.4107659e-01   1.5611743e-01
   1.1900000e+03  -9.7275360e-02  -3.9587237e-01   2.0132165e-01
   1.1910000e+03  -6.5375801e-02  -3.6397281e-01   2.3322121e-01
   1.1920000e+03  -5.5195933e-02  -3.5379294e-01   2.4340108e-01
   1.1930000e+03  -6.8097353e-02  -3.6669436e-01   2.3049966e-01
   1.1940000e+03  -9.7932247e-02  -3.9652926e-01   2.0066476e-01
   1.1950000e+03  -1.3305794e-01  -4.3165495e-01   1.6553907e-01
   1.1960000e+03  -1.6021195e-01  -4.5880896e-01   1.3838506e-01
   1.1970000e+03  -1.6896377e-01  -4.6756078e-01   1.2963324e-01
   1.1980000e+03  -1.5521121e-01  -4.5380822e-01   1.4338580e-01
   1.1990000e+03  -1.2247979e-01  -4.2107680e-01   1.7611722e-01
   1.2000000e+03  -8.0533224e-02  -3.6943612e-01   2.0836968e-01
   1.2010000e+03  -4.1763032e-02  -3.3066594e-01   2.4713987e-01
   1.2020000e+03  -1.6652988e-02  -3.0555589e-01   2.7224991e-01
   1.2030000e+03  -9.9953709e-03  -2.9889827e-01   2.7890753e-01
   1.2040000e+03  -1.9302697e-02  -3.0820560e-01   2.6960021e-01
   1.2050000e+03  -3.6066441e-02  -3.2496935e-01   2.5283646e-01
   1.2060000e+03  -4.9435220e-02  -3.3833812e-01   2.3946769e-01
   1.2070000e+03  -5.0921187e-02  -3.3982409e-01   2.3798172e-01
   1.2080000e+03  -3.8277451e-02  -3.2718036e-01   2.5062545e-01
   1.2090000e+03  -1.6932258e-02  -3.0583516e-01   2.7197065e-01
   1.2100000e+03   1.7401965e-03  -2.8716271e-01   2.9064310e-01
   1.2110000e+03   4.8068409e-03  -2.8409606e-01   2.9370975e-01
   1.2120000e+03  -1.6772082e-02  -3.0567499e-01   2.7213082e-01
   1.2130000e+03  -6.3729086e-02  -3.5263199e-01   2.2517381e-01
   1.2140000e+03  -1.2692287e-01  -4.1582577e-01   1.6198003e-01
   1.2150000e+03  -1.8941285e-01  -4.7831576e-01   9.9490048e-02
   1.2160000e+03  -2.3160533e-01  -5.2050823e-01   5.7297575e-02
   1.2170000e+03  -2.3771530e-01  -5.2661820e-01   5.1187605e-02
   1.2180000e+03  -2.0124413e-01  -4.9014703e-01   8.7658773e-02
   1.2190000e+03  -1.2749415e-01  -4.1639705e-01   1.6140875e-01
   1.2200000e+03  -3.2210854e-02  -3.2111376e-01   2.5669205e-01
   1.2210000e+03   6.3149821e-02  -2.2575308e-01   3.5205273e-01
   1.2220000e+03   1.3782920e-01  -1.5107371e-01   4.2673210e-01
   1.2230000e+03   1.7760909e-01  -1.1129381e-01   4.6651199e-01
   1.2240000e+03   1.7816259e-01  -1.1074031e-01   4.6706549e-01
   1.2250000e+03   1.4499875e-01  -1.4390416e-01   4.3390165e-01
   1.2260000e+03   9.0382107e-02  -1.9852079e-01   3.7928501e-01
   1.2270000e+03   2.8665320e-02  -2.6023758e-01   3.1756822e-01
   1.2280000e+03  -2.8105574e-02  -3.1700848e-01   2.6079733e-01
   1.2290000e+03  -7.2793649e-02  -3.6169655e-01   2.1610925e-01
   1.2300000e+03  -1.0336959e-01  -3.9227249e-01   1.8553331e-01
   1.2310000e+03  -1.2115544e-01  -4.1005834e-01   1.6774746e-01
   1.2320000e+03  -1.2832149e-01  -4.1722439e-01   1.6058141e-01
   1.2330000e+03  -1.2600052e-01  -4.1490342e-01   1.6290238e-01
   1.2340000e+03  -1.1391029e-01  -4.0281319e-01   1.7499261e-01
   1.2350000e+03  -9.1523801e-02  -3.8042670e-01   1.9737910e-01
   1.2360000e+03  -6.0000498e-02  -3.4890340e-01   2.2890240e-01
   1.2370000e+03  -2.3671170e-02  -3.1257407e-01   2.6523173e-01
   1.2380000e+03   9.9567505e-03  -2.7894615e-01   2.9885966e-01
   1.2390000e+03   3.2018339e-02  -2.5688457e-01   3.2092124e-01
   1.2400000e+03   3.5387859e-02  -2.5351504e-01   3.2429076e-01
   1.2410000e+03   1.7812303e-02  -2.7109060e-01   3.0671521e-01
   1.2420000e+03  -1.6332601e-02  -3.0523551e-01   2.7257030e-01
   1.2430000e+03  -5.6632453e-02  -3.4553535e-01   2.3227045e-01
   1.2440000e+03  -8.9637211e-02  -3.7854011e-01   1.9926569e-01
   1.2450000e+03  -1.0334903e-01  -3.9225193e-01   1.8555387e-01
   1.2460000e+03  -9.1589801e-02  -3.8049270e-01   1.9731310e-01
   1.2470000e+03  -5.6576058e-02  -3.4547896e-01   2.3232684e-01
   1.2480000e+03  -8.6221953e-03  -2.9752510e-01   2.8028071e-01
   1.2490000e+03   3.7067027e-02  -2.5183587e-01   3.2596993e-01
   1.2500000e+03   6.5461422e-02  -2.2344148e-01   3.5436432e-01
   1.2510000e+03   6.6852730e-02  -2.2205017e-01   3.5575563e-01
   1.2520000e+03   4.0240093e-02  -2.4866281e-01   3.2914300e-01
   1.2530000e+03  -6.2724879e-03  -2.9517539e-01   2.8263041e-01
   1.2540000e+03  -5.8215802e-02  -3.4711870e-01   2.3068710e-01
   1.2550000e+03  -9.9647852e-02  -3.8855075e-01   1.8925505e-01
   1.2560000e+03  -1.1844746e-01  -4.0735036e-01   1.7045544e-01
   1.2570000e+03  -1.1013995e-01  -3.9904285e-01   1.7876295e-01
   1.2580000e+03  -7.8954577e-02  -3.6785748e-01   2.0994832e-01
   1.2590000e+03  -3.5848443e-02  -3.2475135e-01   2.5305446e-01
   1.2600000e+03   5.6601668e-03  -2.8324274e-01   2.9456307e-01
   1.2610000e+03   3.4239800e-02  -2.5466311e-01   3.2314270e-01
   1.2620000e+03   4.4320461e-02  -2.4458244e-01   3.3322337e-01
   1.2630000e+03   3.7254736e-02  -2.5164817e-01   3.2615764e-01
   1.2640000e+03   1.9788237e-02  -2.6911467e-01   3.0869114e-01
   1.2650000e+03   5.9533008e-04  -2.8830757e-01   2.8949824e-01
   1.2660000e+03  -1.3654897e-02  -3.0255780e-01   2.7524801e-01
   1.2670000e+03  -2.1113565e-02  -3.1001647e-01   2.6778934e-01
   1.2680000e+03  -2.5349859e-02  -3.1425276e-01   2.6355305e-01
   1.2690000e+03  -3.3534818e-02  -3.2243772e-01   2.5536809e-01
   1.2700000e+03  -5.2971198e-02  -3.4187410e-01   2.3593170e-01
   1.2710000e+03  -8.7378436e-02  -3.7628134e-01   2.0152446e-01
   1.2720000e+03  -1.3444413e-01  -4.2334703e-01   1.5445877e-01
   1.2730000e+03  -1.8568047e-01  -4.7458337e-01   1.0322243e-01
   1.2740000e+03  -2.2875950e-01  -5.1766241e-01   6.0143398e-02
   1.2750000e+03  -2.5156618e-01  -5.4046909e-01   3.7336717e-02
   1.2760000e+03  -2.4654512e-01  -5.3544803e-01   4.2357778e-02
   1.2770000e+03  -2.1376436e-01  -5.0266726e-01   7.5138545e-02
   1.2780000e+03  -1.6153283e-01  -4.5043573e-01   1.2737007e-01
   1.2790000e+03  -1.0424542e-01  -3.9314832e-01   1.8465748e-01
   1.2800000e+03  -5.8096499e-02  -3.4699940e-01   2.3080640e-01
   1.2810000e+03  -3.6064164e-02  -3.2496706e-01   2.5283874e-01
   1.2820000e+03  -4.3851375e-02  -3.3275428e-01   2.4505153e-01
   1.2830000e+03  -7.8173014e-02  -3.6707591e-01   2.1072989e-01
   1.2840000e+03  -1.2799257e-01  -4.1689547e-01   1.6091033e-01
   1.2850000e+03  -1.7830449e-01  -4.6720739e-01   1.1059841e-01
   1.2860000e+03  -2.1517642e-01  -5.0407932e-01   7.3726481e-02
   1.2870000e+03  -2.3031879e-01  -5.1922169e-01   5.8584111e-02
   1.2880000e+03  -2.2360145e-01  -5.1250436e-01   6.5301449e-02
   1.2890000e+03  -2.0264618e-01  -4.9154908e-01   8.6256719e-02
   1.2900000e+03  -1.7964788e-01  -4.6855078e-01   1.0925503e-01
   1.2910000e+03  -1.6656322e-01  -4.5546612e-01   1.2233968e-01
   1.2920000e+03  -1.7040231e-01  -4.5930521e-01   1.1850060e-01
   1.2930000e+03  -1.9034851e-01  -4.7925141e-01   9.8554396e-02
   1.2940000e+03  -2.1780696e-01  -5.0670987e-01   7.1095938e-02
   1.2950000e+03  -2.3945041e-01  -5.2835331e-01   4.9452492e-02
   1.2960000e+03  -2.4224992e-01  -5.3115283e-01   4.6652978e-02
   1.2970000e+03  -2.1872685e-01  -5.0762975e-01   7.0176054e-02
   1.2980000e+03  -1.7051318e-01  -4.5941608e-01   1.1838972e-01
   1.2990000e+03  -1.0882738e-01  -3.9773028e-01   1.8007552e-01
   1.3000000e+03  -5.1498500e-02  -3.4040141e-01   2.3740440e-01
   1.3010000e+03  -1.7362131e-02  -3.0626504e-01   2.7154077e-01
   1.3020000e+03  -1.9804616e-02  -3.0870752e-01   2.6909829e-01
   1.3030000e+03  -6.1615157e-02  -3.5051806e-01   2.2728774e-01
   1.3040000e+03  -1.3297255e-01  -4.2187545e-01   1.5593035e-01
   1.3050000e+03  -2.1343510e-01  -5.0233801e-01   7.5467799e-02
   1.3060000e+03  -2.7751998e-01  -5.6642288e-01   1.1382922e-02
   1.3070000e+03  -3.0226745e-01  -5.9117035e-01  -1.3364548e-02
   1.3080000e+03  -2.7448153e-01  -5.6338443e-01   1.4421373e-02
   1.3090000e+03  -1.9536250e-01  -4.8426540e-01   9.3540403e-02
   1.3100000e+03  -8.1004978e-02  -3.6990788e-01   2.0789792e-01
   1.3110000e+03   4.1506743e-02  -2.4739616e-01   3.3040965e-01
   1.3120000e+03   1.4132014e-01  -1.4758276e-01   4.3022304e-01
   1.3130000e+03   1.9224775e-01  -9.6655154e-02   4.8115065e-01
   1.3140000e+03   1.7994999e-01  -1.0895291e-01   4.6885289e-01
   1.3150000e+03   1.0581210e-01  -1.8309080e-01   3.9471500e-01
   1.3160000e+03  -1.3514363e-02  -3.0241727e-01   2.7538854e-01
   1.3170000e+03  -1.5063028e-01  -4.3953318e-01   1.3827262e-01
   1.3180000e+03  -2.7453039e-01  -5.6343329e-01   1.4372515e-02
   1.3190000e+03  -3.5826053e-01  -6.4716344e-01  -6.9357633e-02
   1.3200000e+03  -3.8498632e-01  -6.7388922e-01  -9.6083420e-02
   1.3210000e+03  -3.5099398e-01  -6.3989688e-01  -6.2091081e-02
   1.3220000e+03  -2.6515332e-01  -5.5405622e-01   2.3749584e-02
   1.3230000e+03  -1.4542148e-01  -4.3432438e-01   1.4348142e-01
   1.3240000e+03  -1.3733331e-02  -3.0263623e-01   2.7516957e-01
   1.3250000e+03   1.0910122e-01  -1.7980168e-01   3.9800413e-01
   1.3260000e+03   2.0712282e-01  -8.1780078e-02   4.9602572e-01
   1.3270000e+03   2.7084119e-01  -1.8061716e-02   5.5974409e-01
   1.3280000e+03   2.9680171e-01   7.8988064e-03   5.8570461e-01
   1.3290000e+03   2.8581166e-01  -3.0912375e-03   5.7471457e-01
   1.3300000e+03   2.4086141e-01  -4.8041485e-02   5.2976431e-01
   1.3310000e+03   1.6568653e-01  -1.2321637e-01   4.5458943e-01
   1.3320000e+03   6.4484139e-02  -2.2441877e-01   3.5338704e-01
   1.3330000e+03  -5.7297655e-02  -3.4620056e-01   2.3160524e-01
   1.3340000e+03  -1.9170476e-01  -4.8060766e-01   9.7198140e-02
   1.3350000e+03  -3.2742625e-01  -6.1632915e-01  -3.8523348e-02
   1.3360000e+03  -4.5012147e-01  -7.3902437e-01  -1.6121857e-01
   1.3370000e+03  -5.4427789e-01  -8.3318079e-01  -2.5537499e-01
   1.3380000e+03  -5.9635448e-01  -8.8525738e-01  -3.0745158e-01
   1.3390000e+03  -5.9840139e-01  -8.8730429e-01  -3.0949849e-01
   1.3400000e+03  -5.5101806e-01  -8.3992096e-01  -2.6211516e-01
   1.3410000e+03  -4.6454998e-01  -7.5345288e-01  -1.7564708e-01
   1.3420000e+03  -3.5784349e-01  -6.4674639e-01  -6.8940589e-02
   1.3430000e+03  -2.5456908e-01  -5.4347198e-01   3.4333820e-02
   1.3440000e+03  -1.7788478e-01  -4.6678768e-01   1.1101812e-01
   1.3450000e+03  -1.4480005e-01  -4.3370295e-01   1.4410285e-01
   1.3460000e+03  -1.6181428e-01  -4.5071719e-01   1.2708862e-01
   1.3470000e+03  -2.2314302e-01  -5.1204593e-01   6.5759877e-02
   1.3480000e+03  -3.1215682e-01  -6.0105972e-01  -2.3253914e-02
   1.3490000e+03  -4.0573229e-01  -6.9463519e-01  -1.1682939e-01
   1.3500000e+03  -4.8033585e-01  -7.6923875e-01  -1.9143295e-01
   1.3510000e+03  -5.1811207e-01  -8.0701497e-01  -2.2920917e-01
   1.3520000e+03  -5.1122456e-01  -8.0012746e-01  -2.2232166e-01
   1.3530000e+03  -4.6322232e-01  -7.5212522e-01  -1.7431942e-01
   1.3540000e+03  -3.8712357e-01  -6.7602647e-01  -9.8220673e-02
   1.3550000e+03  -3.0092737e-01  -5.8983027e-01  -1.2024464e-02
   1.3560000e+03  -2.2204582e-01  -5.1094872e-01   6.6857080e-02
   1.3570000e+03  -1.6243841e-01  -4.5134131e-01   1.2646449e-01
   1.3580000e+03  -1.2592701e-01  -4.1482991e-01   1.6297589e-01
   1.3590000e+03  -1.0838733e-01  -3.9729023e-01   1.8051557e-01
   1.3600000e+03  -1.0051914e-01  -3.8942204e-01   1.8838376e-01
   1.3610000e+03  -9.2041566e-02  -3.8094447e-01   1.9686133e-01
   1.3620000e+03  -7.5734213e-02  -3.6463711e-01   2.1316869e-01
   1.3630000e+03  -4.9891863e-02  -3.3879476e-01   2.3901104e-01
   1.3640000e+03  -1.8412919e-02  -3.0731582e-01   2.7048998e-01
   1.3650000e+03   1.1346044e-02  -2.7755686e-01   3.0024895e-01
   1.3660000e+03   3.1985566e-02  -2.5691734e-01   3.2088847e-01
   1.3670000e+03   3.9338971e-02  -2.4956393e-01   3.2824188e-01
   1.3680000e+03   3.4299693e-02  -2.5460321e-01   3.2320260e-01
   1.3690000e+03   2.2491892e-02  -2.6641101e-01   3.1139480e-01
   1.3700000e+03   1.1941718e-02  -2.7696119e-01   3.0084462e-01
   1.3710000e+03   9.7032653e-03  -2.7919963e-01   2.9860617e-01
   1.3720000e+03   1.8814034e-02  -2.7008887e-01   3.0771693e-01
   1.3730000e+03   3.6836468e-02  -2.5206643e-01   3.2573937e-01
   1.3740000e+03   5.6628200e-02  -2.3227471e-01   3.4553110e-01
   1.3750000e+03   6.9107736e-02  -2.1979517e-01   3.5801064e-01
   1.3760000e+03   6.6981138e-02  -2.2192176e-01   3.5588404e-01
   1.3770000e+03   4.7980720e-02  -2.4092219e-01   3.3688362e-01
   1.3780000e+03   1.6306870e-02  -2.7259603e-01   3.0520978e-01
   1.3790000e+03  -1.8382320e-02  -3.0728523e-01   2.7052058e-01
   1.3800000e+03  -4.4161944e-02  -3.3306485e-01   2.4474096e-01
   1.3810000e+03  -5.1089581e-02  -3.3999249e-01   2.3781332e-01
   1.3820000e+03  -3.4947188e-02  -3.2385009e-01   2.5395572e-01
   1.3830000e+03   9.4525994e-04  -2.8795764e-01   2.8984816e-01
   1.3840000e+03   4.6572264e-02  -2.4233064e-01   3.3547517e-01
   1.3850000e+03   8.8462819e-02  -2.0044008e-01   3.7736572e-01
   1.3860000e+03   1.1416471e-01  -1.7473819e-01   4.0306761e-01
   1.3870000e+03   1.1631835e-01  -1.7258456e-01   4.0522125e-01
   1.3880000e+03   9.4846061e-02  -1.9405684e-01   3.8374897e-01
   1.3890000e+03   5.6491034e-02  -2.3241187e-01   3.4539393e-01
   1.3900000e+03   1.1949535e-02  -2.7695337e-01   3.0085243e-01
   1.3910000e+03  -2.8254132e-02  -3.1715703e-01   2.6064877e-01
   1.3920000e+03  -5.7548777e-02  -3.4645168e-01   2.3135412e-01
   1.3930000e+03  -7.5324888e-02  -3.6422779e-01   2.1357801e-01
   1.3940000e+03  -8.6459511e-02  -3.7536241e-01   2.0244339e-01
   1.3950000e+03  -9.8619197e-02  -3.8752210e-01   1.9028370e-01
   1.3960000e+03  -1.1844907e-01  -4.0735197e-01   1.7045383e-01
   1.3970000e+03  -1.4815756e-01  -4.3706046e-01   1.4074534e-01
   1.3980000e+03  -1.8382741e-01  -4.7273031e-01   1.0507549e-01
   1.3990000e+03  -2.1611510e-01  -5.0501800e-01   7.2787802e-02
   1.4000000e+03  -2.2225237e-01  -5.8196698e-01   1.3746224e-01
   1.4010000e+03  -1.8642584e-01  -5.4614045e-01   1.7328877e-01
   1.4020000e+03  -1.4304000e-01  -5.0275461e-01   2.1667461e-01
   1.4030000e+03  -1.0492390e-01  -4.6463851e-01   2.5479071e-01
   1.4040000e+03  -8.1170527e-02  -4.4088514e-01   2.7854408e-01
   1.4050000e+03  -7.5167622e-02  -4.3488223e-01   2.8454699e-01
   1.4060000e+03  -8.4542016e-02  -4.4425663e-01   2.7517259e-01
   1.4070000e+03  -1.0286178e-01  -4.6257639e-01   2.5685283e-01
   1.4080000e+03  -1.2238784e-01  -4.8210245e-01   2.3732677e-01
   1.4090000e+03  -1.3687759e-01  -4.9659220e-01   2.2283702e-01
   1.4100000e+03  -1.4350405e-01  -5.0321866e-01   2.1621056e-01
   1.4110000e+03  -1.4332790e-01  -5.0304251e-01   2.1638671e-01
   1.4120000e+03  -1.4029852e-01  -5.0001313e-01   2.1941609e-01
   1.4130000e+03  -1.3927301e-01  -4.9898762e-01   2.2044160e-01
   1.4140000e+03  -1.4384812e-01  -5.0356273e-01   2.1586649e-01
   1.4150000e+03  -1.5480974e-01  -5.1452435e-01   2.0490487e-01
   1.4160000e+03  -1.6973187e-01  -5.2944648e-01   1.8998274e-01
   1.4170000e+03  -1.8381559e-01  -5.4353020e-01   1.7589902e-01
   1.4180000e+03  -1.9161455e-01  -5.5132916e-01   1.6810006e-01
   1.4190000e+03  -1.8900117e-01  -5.4871578e-01   1.7071344e-01
   1.4200000e+03  -1.7467787e-01  -5.3439248e-01   1.8503674e-01
   1.4210000e+03  -1.5073213e-01  -5.1044674e-01   2.0898248e-01
   1.4220000e+03  -1.2208677e-01  -4.8180138e-01   2.3762784e-01
   1.4230000e+03  -9.5074814e-02  -4.5478942e-01   2.6463980e-01
   1.4240000e+03  -7.5638769e-02  -4.3535338e-01   2.8407584e-01
   1.4250000e+03  -6.7733730e-02  -4.2744834e-01   2.9198088e-01
   1.4260000e+03  -7.2393076e-02  -4.3210769e-01   2.8732153e-01
   1.4270000e+03  -8.7659397e-02  -4.4737401e-01   2.7205521e-01
   1.4280000e+03  -1.0929614e-01  -4.6901075e-01   2.5041847e-01
   1.4290000e+03  -1.3198013e-01  -4.9169474e-01   2.2773448e-01
   1.4300000e+03  -1.5059497e-01  -5.1030958e-01   2.0911964e-01
   1.4310000e+03  -1.6129973e-01  -5.2101434e-01   1.9841488e-01
   1.4320000e+03  -1.6218697e-01  -5.2190158e-01   1.9752764e-01
   1.4330000e+03  -1.5349619e-01  -5.1321080e-01   2.0621842e-01
   1.4340000e+03  -1.3745060e-01  -4.9716521e-01   2.2226401e-01
   1.4350000e+03  -1.1781816e-01  -4.7753277e-01   2.4189645e-01
   1.4360000e+03  -9.9277523e-02  -4.5899213e-01   2.6043709e-01
   1.4370000e+03  -8.6643172e-02  -4.4635778e-01   2.7307144e-01
   1.4380000e+03  -8.4009187e-02  -4.4372380e-01   2.7570542e-01
   1.4390000e+03  -9.3918946e-02  -4.5363356e-01   2.6579566e-01
   1.4400000e+03  -1.1673192e-01  -4.7644653e-01   2.4298269e-01
   1.4410000e+03  -1.5038904e-01  -5.1010365e-01   2.0932557e-01
   1.4420000e+03  -1.9072819e-01  -5.5044280e-01   1.6898642e-01
   1.4430000e+03  -2.3236095e-01  -5.9207556e-01   1.2735366e-01
   1.4440000e+03  -2.6992771e-01  -6.2964232e-01   8.9786897e-02
   1.4450000e+03  -2.9937815e-01  -6.5909276e-01   6.0336457e-02
   1.4460000e+03  -3.1886238e-01  -6.7857699e-01   4.0852226e-02
   1.4470000e+03  -3.2891592e-01  -6.8863053e-01   3.0798686e-02
   1.4480000e+03  -3.3186303e-01  -6.9157764e-01   2.7851576e-02
   1.4490000e+03  -3.3066440e-01  -6.9037901e-01   2.9050215e-02
   1.4500000e+03  -3.2767382e-01  -6.8738843e-01   3.2040788e-02
   1.4510000e+03  -3.2383134e-01  -6.8354595e-01   3.5883274e-02
   1.4520000e+03  -3.1866255e-01  -6.7837716e-01   4.1052059e-02
   1.4530000e+03  -3.1111913e-01  -6.7083374e-01   4.8595479e-02
   1.4540000e+03  -3.0091117e-01  -6.6062578e-01   5.8803437e-02
   1.4550000e+03  -2.8970863e-01  -6.4942324e-01   7.0005980e-02
   1.4560000e+03  -2.8155657e-01  -6.4127118e-01   7.8158036e-02
   1.4570000e+03  -2.8209818e-01  -6.4181279e-01   7.7616433e-02
   1.4580000e+03  -2.9665996e-01  -6.5637457e-01   6.3054652e-02
   1.4590000e+03  -3.2776197e-01  -6.8747658e-01   3.1952636e-02
   1.4600000e+03  -3.7296989e-01  -7.3268450e-01  -1.3255282e-02
   1.4610000e+03  -4.2404700e-01  -7.8376161e-01  -6.4332387e-02
   1.4620000e+03  -4.6803350e-01  -8.2774811e-01  -1.0831889e-01
   1.4630000e+03  -4.9026006e-01  -8.4997467e-01  -1.3054545e-01
   1.4640000e+03  -4.7859022e-01  -8.3830483e-01  -1.1887561e-01
   1.4650000e+03  -4.2763920e-01  -7.8735381e-01  -6.7924593e-02
   1.4660000e+03  -3.4155310e-01  -7.0126771e-01   1.8161511e-02
   1.4670000e+03  -2.3425344e-01  -5.9396805e-01   1.2546117e-01
   1.4680000e+03  -1.2678557e-01  -4.8650018e-01   2.3292904e-01
   1.4690000e+03  -4.2327356e-02  -4.0204197e-01   3.1738725e-01
   1.4700000e+03  -2.0679708e-04  -3.5992141e-01   3.5950782e-01
   1.4710000e+03  -1.0662121e-02  -3.7037673e-01   3.4905249e-01
   1.4720000e+03  -7.1906972e-02  -4.3162158e-01   2.8780764e-01
   1.4730000e+03  -1.7038549e-01  -5.3010010e-01   1.8932912e-01
   1.4740000e+03  -2.8414074e-01  -6.4385535e-01   7.5573867e-02
   1.4750000e+03  -3.8829807e-01  -7.4801268e-01  -2.8583456e-02
   1.4760000e+03  -4.6108088e-01  -8.2079549e-01  -1.0136627e-01
   1.4770000e+03  -4.8870425e-01  -8.4841886e-01  -1.2898964e-01
   1.4780000e+03  -4.6792134e-01  -8.2763595e-01  -1.0820673e-01
   1.4790000e+03  -4.0575806e-01  -7.6547267e-01  -4.6043447e-02
   1.4800000e+03  -3.1679697e-01  -6.7651158e-01   4.2917638e-02
   1.4810000e+03  -2.1900470e-01  -5.7871931e-01   1.4070991e-01
   1.4820000e+03  -1.2936954e-01  -4.8908415e-01   2.3034507e-01
   1.4830000e+03  -6.0492134e-02  -4.2020674e-01   2.9922248e-01
   1.4840000e+03  -1.8839654e-02  -3.7855426e-01   3.4087496e-01
   1.4850000e+03  -4.8029584e-03  -3.6451757e-01   3.5491165e-01
   1.4860000e+03  -1.4172368e-02  -3.7388698e-01   3.4554224e-01
   1.4870000e+03  -4.0318245e-02  -4.0003286e-01   3.1939636e-01
   1.4880000e+03  -7.6298321e-02  -4.3601293e-01   2.8341629e-01
   1.4890000e+03  -1.1629732e-01  -4.7601193e-01   2.4341729e-01
   1.4900000e+03  -1.5614654e-01  -5.1586115e-01   2.0356807e-01
   1.4910000e+03  -1.9304206e-01  -5.5275667e-01   1.6667255e-01
   1.4920000e+03  -2.2485261e-01  -5.8456722e-01   1.3486200e-01
   1.4930000e+03  -2.4949845e-01  -6.0921306e-01   1.1021616e-01
   1.4940000e+03  -2.6477366e-01  -6.2448827e-01   9.4940949e-02
   1.4950000e+03  -2.6873127e-01  -6.2844588e-01   9.0983339e-02
   1.4960000e+03  -2.6046090e-01  -6.2017551e-01   9.9253707e-02
   1.4970000e+03  -2.4087780e-01  -6.0059241e-01   1.1883681e-01
   1.4980000e+03  -2.1309607e-01  -5.7281068e-01   1.4661854e-01
   1.4990000e+03  -1.8209880e-01  -5.4181341e-01   1.7761581e-01
   1.5000000e+03  -1.9181975e-01  -5.6120651e-01   1.7756701e-01
   1.5010000e+03  -1.6625188e-01  -5.3563864e-01   2.0313488e-01
   1.5020000e+03  -1.3890269e-01  -5.0828945e-01   2.3048407e-01
   1.5030000e+03  -1.1443918e-01  -4.8382594e-01   2.5494758e-01
   1.5040000e+03  -9.6430100e-02  -4.6581686e-01   2.7295666e-01
   1.5050000e+03  -8.6698917e-02  -4.5608568e-01   2.8268784e-01
   1.5060000e+03  -8.5268591e-02  -4.5465535e-01   2.8411817e-01
   1.5070000e+03  -9.0788900e-02  -4.6017566e-01   2.7859786e-01
   1.5080000e+03  -1.0119935e-01  -4.7058611e-01   2.6818741e-01
   1.5090000e+03  -1.1436406e-01  -4.8375082e-01   2.5502270e-01
   1.5100000e+03  -1.2850140e-01  -4.9788816e-01   2.4088536e-01
   1.5110000e+03  -1.4236088e-01  -5.1174764e-01   2.2702588e-01
   1.5120000e+03  -1.5520301e-01  -5.2458977e-01   2.1418375e-01
   1.5130000e+03  -1.6667113e-01  -5.3605789e-01   2.0271563e-01
   1.5140000e+03  -1.7661584e-01  -5.4600260e-01   1.9277092e-01
   1.5150000e+03  -1.8488560e-01  -5.5427236e-01   1.8450116e-01
   1.5160000e+03  -1.9108491e-01  -5.6047167e-01   1.7830185e-01
   1.5170000e+03  -1.9434644e-01  -5.6373320e-01   1.7504032e-01
   1.5180000e+03  -1.9323837e-01  -5.6262513e-01   1.7614839e-01
   1.5190000e+03  -1.8596853e-01  -5.5535529e-01   1.8341823e-01
   1.5200000e+03  -1.7099089e-01  -5.4037765e-01   1.9839587e-01
   1.5210000e+03  -1.4794897e-01  -5.1733573e-01   2.2143779e-01
   1.5220000e+03  -1.1866350e-01  -4.8805026e-01   2.5072326e-01
   1.5230000e+03  -8.7698607e-02  -4.5708537e-01   2.8168815e-01
   1.5240000e+03  -6.2043587e-02  -4.3143035e-01   3.0734317e-01
   1.5250000e+03  -4.9683333e-02  -4.1907009e-01   3.1970343e-01
   1.5260000e+03  -5.7253115e-02  -4.2663988e-01   3.1213364e-01
   1.5270000e+03  -8.7429980e-02  -4.5681674e-01   2.8195678e-01
   1.5280000e+03  -1.3700005e-01  -5.0638681e-01   2.3238671e-01
   1.5290000e+03  -1.9649583e-01  -5.6588259e-01   1.7289093e-01
   1.5300000e+03  -2.5187517e-01  -6.2126193e-01   1.1751159e-01
   1.5310000e+03  -2.8802876e-01  -6.5741552e-01   8.1358000e-02
   1.5320000e+03  -2.9319515e-01  -6.6258191e-01   7.6191613e-02
   1.5330000e+03  -2.6290980e-01  -6.3229656e-01   1.0647696e-01
   1.5340000e+03  -2.0211945e-01  -5.7150621e-01   1.6726731e-01
   1.5350000e+03  -1.2459550e-01  -4.9398226e-01   2.4479126e-01
   1.5360000e+03  -4.9627328e-02  -4.1901409e-01   3.1975943e-01
   1.5370000e+03   3.1196618e-03  -3.6626710e-01   3.7250642e-01
   1.5380000e+03   1.9061375e-02  -3.5032539e-01   3.8844813e-01
   1.5390000e+03  -7.1896646e-03  -3.7657642e-01   3.6219710e-01
   1.5400000e+03  -7.0294733e-02  -4.3968149e-01   2.9909203e-01
   1.5410000e+03  -1.5567120e-01  -5.2505796e-01   2.1371556e-01
   1.5420000e+03  -2.4347774e-01  -6.1286450e-01   1.2590902e-01
   1.5430000e+03  -3.1385842e-01  -6.8324518e-01   5.5528337e-02
   1.5440000e+03  -3.5189969e-01  -7.2128645e-01   1.7487071e-02
   1.5450000e+03  -3.5095279e-01  -7.2033955e-01   1.8433970e-02
   1.5460000e+03  -3.1356772e-01  -6.8295448e-01   5.5819042e-02
   1.5470000e+03  -2.5004268e-01  -6.1942944e-01   1.1934408e-01
   1.5480000e+03  -1.7525624e-01  -5.4464300e-01   1.9413052e-01
   1.5490000e+03  -1.0482275e-01  -4.7420951e-01   2.6456401e-01
   1.5500000e+03  -5.1622991e-02  -4.2100975e-01   3.1776377e-01
   1.5510000e+03  -2.3471401e-02  -3.9285816e-01   3.4591536e-01
   1.5520000e+03  -2.2236824e-02  -3.9162358e-01   3.4714994e-01
   1.5530000e+03  -4.4309576e-02  -4.1369634e-01   3.2507718e-01
   1.5540000e+03  -8.2029444e-02  -4.5141620e-01   2.8735732e-01
   1.5550000e+03  -1.2560311e-01  -4.9498987e-01   2.4378365e-01
   1.5560000e+03  -1.6510542e-01  -5.3449218e-01   2.0428134e-01
   1.5570000e+03  -1.9228660e-01  -5.6167336e-01   1.7710016e-01
   1.5580000e+03  -2.0200907e-01  -5.7139583e-01   1.6737769e-01
   1.5590000e+03  -1.9317113e-01  -5.6255789e-01   1.7621563e-01
   1.5600000e+03  -1.6896022e-01  -5.3834698e-01   2.0042654e-01
   1.5610000e+03  -1.3628525e-01  -5.0567201e-01   2.3310151e-01
   1.5620000e+03  -1.0433335e-01  -4.7372011e-01   2.6505341e-01
   1.5630000e+03  -8.2406030e-02  -4.5179279e-01   2.8698073e-01
   1.5640000e+03  -7.7462707e-02  -4.4684947e-01   2.9192405e-01
   1.5650000e+03  -9.2024008e-02  -4.6141077e-01   2.7736275e-01
   1.5660000e+03  -1.2313495e-01  -4.9252171e-01   2.4625181e-01
   1.5670000e+03  -1.6288120e-01  -5.3226796e-01   2.0650556e-01
   1.5680000e+03  -2.0050835e-01  -5.6989511e-01   1.6887841e-01
   1.5690000e+03  -2.2564681e-01  -5.9503357e-01   1.4373995e-01
   1.5700000e+03  -2.3168942e-01  -6.0107618e-01   1.3769734e-01
   1.5710000e+03  -2.1820061e-01  -5.8758737e-01   1.5118615e-01
   1.5720000e+03  -1.9145443e-01  -5.6084119e-01   1.7793233e-01
   1.5730000e+03  -1.6276666e-01  -5.3215342e-01   2.0662010e-01
   1.5740000e+03  -1.4502480e-01  -5.1441156e-01   2.2436196e-01
   1.5750000e+03  -1.4847038e-01  -5.1785714e-01   2.2091638e-01
   1.5760000e+03  -1.7711115e-01  -5.4649791e-01   1.9227561e-01
   1.5770000e+03  -2.2699955e-01  -5.9638631e-01   1.4238721e-01
   1.5780000e+03  -2.8704118e-01  -6.5642794e-01   8.2345579e-02
   1.5790000e+03  -3.4217389e-01  -7.1156065e-01   2.7212871e-02
   1.5800000e+03  -3.7796427e-01  -7.4735103e-01  -8.5775089e-03
   1.5810000e+03  -3.8517148e-01  -7.5455824e-01  -1.5784724e-02
   1.5820000e+03  -3.6280045e-01  -7.3218721e-01   6.5863104e-03
   1.5830000e+03  -3.1862135e-01  -6.8800811e-01   5.0765413e-02
   1.5840000e+03  -2.6692523e-01  -6.3631199e-01   1.0246153e-01
   1.5850000e+03  -2.2416508e-01  -5.9355184e-01   1.4522168e-01
   1.5860000e+03  -2.0381836e-01  -5.7320512e-01   1.6556840e-01
   1.5870000e+03  -2.1208544e-01  -5.8147220e-01   1.5730132e-01
   1.5880000e+03  -2.4581217e-01  -6.1519893e-01   1.2357459e-01
   1.5890000e+03  -2.9335877e-01  -6.6274553e-01   7.6027994e-02
   1.5900000e+03  -3.3822191e-01  -7.0760867e-01   3.1164852e-02
   1.5910000e+03  -3.6433447e-01  -7.3372123e-01   5.0522883e-03
   1.5920000e+03  -3.6139341e-01  -7.3078017e-01   7.9933537e-03
   1.5930000e+03  -3.2849853e-01  -6.9788529e-01   4.0888232e-02
   1.5940000e+03  -2.7486829e-01  -6.4425505e-01   9.4518473e-02
   1.5950000e+03  -2.1730201e-01  -5.8668877e-01   1.5208475e-01
   1.5960000e+03  -1.7510634e-01  -5.4449310e-01   1.9428042e-01
   1.5970000e+03  -1.6405457e-01  -5.3344133e-01   2.0533219e-01
   1.5980000e+03  -1.9130888e-01  -5.6069564e-01   1.7807788e-01
   1.5990000e+03  -2.5296611e-01  -6.2235287e-01   1.1642065e-01
   1.6000000e+03  -4.7069520e-01  -8.4244643e-01  -9.8943968e-02
   1.6010000e+03  -4.6719507e-01  -8.3894630e-01  -9.5443837e-02
   1.6020000e+03  -4.5522686e-01  -8.2697809e-01  -8.3475627e-02
   1.6030000e+03  -4.3367459e-01  -8.0542582e-01  -6.1923364e-02
   1.6040000e+03  -4.0499525e-01  -7.7674647e-01  -3.3244019e-02
   1.6050000e+03  -3.7509848e-01  -7.4684971e-01  -3.3472508e-03
   1.6060000e+03  -3.5193503e-01  -7.2368626e-01   1.9816199e-02
   1.6070000e+03  -3.4314986e-01  -7.1490109e-01   2.8601369e-02
   1.6080000e+03  -3.5351628e-01  -7.2526750e-01   1.8234950e-02
   1.6090000e+03  -3.8300457e-01  -7.5475580e-01  -1.1253345e-02
   1.6100000e+03  -4.2619155e-01  -7.9794278e-01  -5.4440326e-02
   1.6110000e+03  -4.7332045e-01  -8.4507168e-01  -1.0156922e-01
   1.6120000e+03  -5.1279508e-01  -8.8454631e-01  -1.4104385e-01
   1.6130000e+03  -5.3440727e-01  -9.0615850e-01  -1.6265604e-01
   1.6140000e+03  -5.3231941e-01  -9.0407064e-01  -1.6056818e-01
   1.6150000e+03  -5.0685663e-01  -8.7860786e-01  -1.3510540e-01
   1.6160000e+03  -4.6450786e-01  -8.3625909e-01  -9.2756634e-02
   1.6170000e+03  -4.1608844e-01  -7.8783967e-01  -4.4337215e-02
   1.6180000e+03  -3.7360031e-01  -7.4535154e-01  -1.8490804e-03
   1.6190000e+03  -3.4674580e-01  -7.1849702e-01   2.5005432e-02
   1.6200000e+03  -3.4016504e-01  -7.1191627e-01   3.1586185e-02
   1.6210000e+03  -3.5223510e-01  -7.2398633e-01   1.9516124e-02
   1.6220000e+03  -3.7576750e-01  -7.4751872e-01  -4.0162693e-03
   1.6230000e+03  -4.0033894e-01  -7.7209017e-01  -2.8587711e-02
   1.6240000e+03  -4.1548781e-01  -7.8723904e-01  -4.3736584e-02
   1.6250000e+03  -4.1377139e-01  -7.8552261e-01  -4.2020159e-02
   1.6260000e+03  -3.9277404e-01  -7.6452527e-01  -2.1022811e-02
   1.6270000e+03  -3.5553840e-01  -7.2728962e-01   1.6212831e-02
   1.6280000e+03  -3.0941720e-01  -6.8116843e-01   6.2334023e-02
   1.6290000e+03  -2.6382950e-01  -6.3558073e-01   1.0792173e-01
   1.6300000e+03  -2.2769327e-01  -5.9944450e-01   1.4405796e-01
   1.6310000e+03  -2.0731930e-01  -5.7907053e-01   1.6443193e-01
   1.6320000e+03  -2.0531220e-01  -5.7706343e-01   1.6643903e-01
   1.6330000e+03  -2.2063827e-01  -5.9238950e-01   1.5111296e-01
   1.6340000e+03  -2.4963382e-01  -6.2138504e-01   1.2211741e-01
   1.6350000e+03  -2.8746730e-01  -6.5921852e-01   8.4283931e-02
   1.6360000e+03  -3.2950513e-01  -7.0125635e-01   4.2246101e-02
   1.6370000e+03  -3.7215994e-01  -7.4391117e-01  -4.0871195e-04
   1.6380000e+03  -4.1305345e-01  -7.8480467e-01  -4.1302219e-02
   1.6390000e+03  -4.5060431e-01  -8.2235554e-01  -7.8853082e-02
   1.6400000e+03  -4.8335722e-01  -8.5510845e-01  -1.1160599e-01
   1.6410000e+03  -5.0943934e-01  -8.8119057e-01  -1.3768811e-01
   1.6420000e+03  -5.2644876e-01  -8.9819999e-01  -1.5469753e-01
   1.6430000e+03  -5.3188307e-01  -9.0363430e-01  -1.6013184e-01
   1.6440000e+03  -5.2397588e-01  -8.9572711e-01  -1.5222465e-01
   1.6450000e+03  -5.0261381e-01  -8.7436504e-01  -1.3086258e-01
   1.6460000e+03  -4.6992836e-01  -8.4167959e-01  -9.8177127e-02
   1.6470000e+03  -4.3023446e-01  -8.0198569e-01  -5.8483232e-02
   1.6480000e+03  -3.8920139e-01  -7.6095262e-01  -1.7450167e-02
   1.6490000e+03  -3.5242529e-01  -7.2417652e-01   1.9325938e-02
   1.6500000e+03  -3.2382437e-01  -6.9557560e-01   4.7926853e-02
   1.6510000e+03  -3.0440098e-01  -6.7615221e-01   6.7350244e-02
   1.6520000e+03  -2.9184946e-01  -6.6360068e-01   7.9901772e-02
   1.6530000e+03  -2.8124138e-01  -6.5299261e-01   9.0509846e-02
   1.6540000e+03  -2.6666436e-01  -6.3841558e-01   1.0508687e-01
   1.6550000e+03  -2.4334571e-01  -6.1509694e-01   1.2840552e-01
   1.6560000e+03  -2.0958353e-01  -5.8133476e-01   1.6216770e-01
   1.6570000e+03  -1.6781576e-01  -5.3956699e-01   2.0393547e-01
   1.6580000e+03  -1.2439783e-01  -4.9614906e-01   2.4735340e-01
   1.6590000e+03  -8.8059810e-02  -4.5981104e-01   2.8369142e-01
   1.6600000e+03  -6.7450626e-02  -4.3920186e-01   3.0430060e-01
   1.6610000e+03  -6.8503577e-02  -4.4025481e-01   3.0324765e-01
   1.6620000e+03  -9.2460327e-02  -4.6421156e-01   2.7929090e-01
   1.6630000e+03  -1.3522228e-01  -5.0697351e-01   2.3652895e-01
   1.6640000e+03  -1.8830099e-01  -5.6005222e-01   1.8345024e-01
   1.6650000e+03  -2.4113113e-01  -6.1288236e-01   1.3062009e-01
   1.6660000e+03  -2.8405455e-01  -6.5580578e-01   8.7696676e-02
   1.6670000e+03  -3.1103642e-01  -6.8278764e-01   6.0714812e-02
   1.6680000e+03  -3.2123129e-01  -6.9298252e-01   5.0519934e-02
   1.6690000e+03  -3.1887439e-01  -6.9062562e-01   5.2876839e-02
   1.6700000e+03  -3.1152550e-01  -6.8327673e-01   6.0225724e-02
   1.6710000e+03  -3.0725827e-01  -6.7900949e-01   6.4492961e-02
   1.6720000e+03  -3.1176389e-01  -6.8351511e-01   5.9987341e-02
   1.6730000e+03  -3.2638413e-01  -6.9813536e-01   4.5367097e-02
   1.6740000e+03  -3.4776812e-01  -7.1951935e-01   2.3983109e-02
   1.6750000e+03  -3.6926428e-01  -7.4101551e-01   2.4869498e-03
   1.6760000e+03  -3.8351853e-01  -7.5526976e-01  -1.1767304e-02
   1.6770000e+03  -3.8529318e-01  -7.5704440e-01  -1.3541948e-02
   1.6780000e+03  -3.7342931e-01  -7.4518054e-01  -1.6780839e-03
   1.6790000e+03  -3.5119899e-01  -7.2295021e-01   2.0552241e-02
   1.6800000e+03  -3.2491674e-01  -6.9666796e-01   4.6834490e-02
   1.6810000e+03  -3.0136916e-01  -6.7312039e-01   7.0382064e-02
   1.6820000e+03  -2.8510097e-01  -6.5685219e-01   8.6650260e-02
   1.6830000e+03  -2.7666990e-01  -6.4842113e-01   9.5081326e-02
   1.6840000e+03  -2.7260912e-01  -6.4436035e-01   9.9142110e-02
   1.6850000e+03  -2.6715294e-01  -6.3890417e-01   1.0459828e-01
   1.6860000e+03  -2.5505860e-01  -6.2680982e-01   1.1669263e-01
   1.6870000e+03  -2.3438222e-01  -6.0613345e-01   1.3736901e-01
   1.6880000e+03  -2.0804067e-01  -5.7979190e-01   1.6371056e-01
   1.6890000e+03  -1.8343148e-01  -5.5518271e-01   1.8831975e-01
   1.6900000e+03  -1.7012983e-01  -5.4188106e-01   2.0162140e-01
   1.6910000e+03  -1.7644455e-01  -5.4819578e-01   1.9530668e-01
   1.6920000e+03  -2.0609701e-01  -5.7784824e-01   1.6565422e-01
   1.6930000e+03  -2.5629468e-01  -6.2804590e-01   1.1545655e-01
   1.6940000e+03  -3.1799174e-01  -6.8974297e-01   5.3759486e-02
   1.6950000e+03  -3.7833854e-01  -7.5008977e-01  -6.5873148e-03
   1.6960000e+03  -4.2451460e-01  -7.9626583e-01  -5.2763377e-02
   1.6970000e+03  -4.4762047e-01  -8.1937169e-01  -7.5869238e-02
   1.6980000e+03  -4.4526934e-01  -8.1702057e-01  -7.3518111e-02
   1.6990000e+03  -4.2198445e-01  -7.9373568e-01  -5.0233226e-02
   1.7000000e+03  -2.5290807e-01  -6.2691436e-01   1.2109822e-01
   1.7010000e+03  -2.6773606e-01  -6.4174235e-01   1.0627023e-01
   1.7020000e+03  -2.9405133e-01  -6.6805763e-01   7.9954957e-02
   1.7030000e+03  -3.2604180e-01  -7.0004809e-01   4.7964495e-02
   1.7040000e+03  -3.5627756e-01  -7.3028385e-01   1.7728730e-02
   1.7050000e+03  -3.7708170e-01  -7.5108799e-01  -3.0754052e-03
   1.7060000e+03  -3.8224625e-01  -7.5625254e-01  -8.2399582e-03
   1.7070000e+03  -3.6866738e-01  -7.4267367e-01   5.3389132e-03
   1.7080000e+03  -3.3740255e-01  -7.1140884e-01   3.6603739e-02
   1.7090000e+03  -2.9374900e-01  -6.6775529e-01   8.0257293e-02
   1.7100000e+03  -2.4619394e-01  -6.2020023e-01   1.2781235e-01
   1.7110000e+03  -2.0442346e-01  -5.7842975e-01   1.6958283e-01
   1.7120000e+03  -1.7688582e-01  -5.5089211e-01   1.9712047e-01
   1.7130000e+03  -1.6857840e-01  -5.4258469e-01   2.0542789e-01
   1.7140000e+03  -1.7969679e-01  -5.5370308e-01   1.9430950e-01
   1.7150000e+03  -2.0555308e-01  -5.7955937e-01   1.6845321e-01
   1.7160000e+03  -2.3780783e-01  -6.1181412e-01   1.3619846e-01
   1.7170000e+03  -2.6668265e-01  -6.4068894e-01   1.0732364e-01
   1.7180000e+03  -2.8354449e-01  -6.5755079e-01   9.0461798e-02
   1.7190000e+03  -2.8315788e-01  -6.5716417e-01   9.0848416e-02
   1.7200000e+03  -2.6500680e-01  -6.3901309e-01   1.0899949e-01
   1.7210000e+03  -2.3335109e-01  -6.0735738e-01   1.4065520e-01
   1.7220000e+03  -1.9602165e-01  -5.7002794e-01   1.7798464e-01
   1.7230000e+03  -1.6228126e-01  -5.3628755e-01   2.1172503e-01
   1.7240000e+03  -1.4030813e-01  -5.1431442e-01   2.3369816e-01
   1.7250000e+03  -1.3494967e-01  -5.0895596e-01   2.3905662e-01
   1.7260000e+03  -1.4633267e-01  -5.2033896e-01   2.2767362e-01
   1.7270000e+03  -1.6971720e-01  -5.4372349e-01   2.0428909e-01
   1.7280000e+03  -1.9668595e-01  -5.7069224e-01   1.7732034e-01
   1.7290000e+03  -2.1742504e-01  -5.9143133e-01   1.5658125e-01
   1.7300000e+03  -2.2355095e-01  -5.9755724e-01   1.5045534e-01
   1.7310000e+03  -2.1074707e-01  -5.8475336e-01   1.6325922e-01
   1.7320000e+03  -1.8045589e-01  -5.5446218e-01   1.9355040e-01
   1.7330000e+03  -1.4006046e-01  -5.1406675e-01   2.3394583e-01
   1.7340000e+03  -1.0135500e-01  -4.7536129e-01   2.7265129e-01
   1.7350000e+03  -7.7573854e-02  -4.5158014e-01   2.9643244e-01
   1.7360000e+03  -7.9691503e-02  -4.5369779e-01   2.9431479e-01
   1.7370000e+03  -1.1299169e-01  -4.8699798e-01   2.6101460e-01
   1.7380000e+03  -1.7492129e-01  -5.4892758e-01   1.9908500e-01
   1.7390000e+03  -2.5496137e-01  -6.2896766e-01   1.1904492e-01
   1.7400000e+03  -3.3671811e-01  -7.1072440e-01   3.7288183e-02
   1.7410000e+03  -4.0180317e-01  -7.7580946e-01  -2.7796874e-02
   1.7420000e+03  -4.3452248e-01  -8.0852878e-01  -6.0516193e-02
   1.7430000e+03  -4.2610327e-01  -8.0010956e-01  -5.2096982e-02
   1.7440000e+03  -3.7726187e-01  -7.5126816e-01  -3.2555805e-03
   1.7450000e+03  -2.9834573e-01  -6.7235203e-01   7.5660557e-02
   1.7460000e+03  -2.0694941e-01  -5.8095570e-01   1.6705688e-01
   1.7470000e+03  -1.2361072e-01  -4.9761701e-01   2.5039557e-01
   1.7480000e+03  -6.6729818e-02  -4.4073611e-01   3.0727647e-01
   1.7490000e+03  -4.8062733e-02  -4.2206903e-01   3.2594356e-01
   1.7500000e+03  -6.9968774e-02  -4.4397506e-01   3.0403752e-01
   1.7510000e+03  -1.2509551e-01  -4.9910180e-01   2.4891078e-01
   1.7520000e+03  -1.9851749e-01  -5.7252378e-01   1.7548880e-01
   1.7530000e+03  -2.7169761e-01  -6.4570390e-01   1.0230868e-01
   1.7540000e+03  -3.2718790e-01  -7.0119419e-01   4.6818392e-02
   1.7550000e+03  -3.5284135e-01  -7.2684764e-01   2.1164939e-02
   1.7560000e+03  -3.4448963e-01  -7.1849593e-01   2.9516658e-02
   1.7570000e+03  -3.0648562e-01  -6.8049191e-01   6.7520675e-02
   1.7580000e+03  -2.5008618e-01  -6.2409247e-01   1.2392011e-01
   1.7590000e+03  -1.9020269e-01  -5.6420898e-01   1.8380360e-01
   1.7600000e+03  -1.4143553e-01  -5.1544182e-01   2.3257076e-01
   1.7610000e+03  -1.1444356e-01  -4.8844985e-01   2.5956273e-01
   1.7620000e+03  -1.1355738e-01  -4.8756367e-01   2.6044891e-01
   1.7630000e+03  -1.3617589e-01  -5.1018218e-01   2.3783040e-01
   1.7640000e+03  -1.7399309e-01  -5.4799938e-01   2.0001320e-01
   1.7650000e+03  -2.1561941e-01  -5.8962570e-01   1.5838688e-01
   1.7660000e+03  -2.4981497e-01  -6.2382126e-01   1.2419132e-01
   1.7670000e+03  -2.6842821e-01  -6.4243450e-01   1.0557808e-01
   1.7680000e+03  -2.6825880e-01  -6.4226509e-01   1.0574749e-01
   1.7690000e+03  -2.5139838e-01  -6.2540467e-01   1.2260792e-01
   1.7700000e+03  -2.2405014e-01  -5.9805643e-01   1.4995615e-01
   1.7710000e+03  -1.9426325e-01  -5.6826954e-01   1.7974304e-01
   1.7720000e+03  -1.6931730e-01  -5.4332359e-01   2.0468899e-01
   1.7730000e+03  -1.5357051e-01  -5.2757680e-01   2.2043578e-01
   1.7740000e+03  -1.4741900e-01  -5.2142529e-01   2.2658729e-01
   1.7750000e+03  -1.4765063e-01  -5.2165692e-01   2.2635566e-01
   1.7760000e+03  -1.4902427e-01  -5.2303056e-01   2.2498202e-01
   1.7770000e+03  -1.4650296e-01  -5.2050925e-01   2.2750333e-01
   1.7780000e+03  -1.3734955e-01  -5.1135584e-01   2.3665674e-01
   1.7790000e+03  -1.2233228e-01  -4.9633857e-01   2.5167401e-01
   1.7800000e+03  -1.0558678e-01  -4.7959307e-01   2.6841951e-01
   1.7810000e+03  -9.3147063e-02  -4.6715335e-01   2.8085923e-01
   1.7820000e+03  -9.0640333e-02  -4.6464662e-01   2.8336596e-01
   1.7830000e+03  -1.0096991e-01  -4.7497620e-01   2.7303638e-01
   1.7840000e+03  -1.2285740e-01  -4.9686369e-01   2.5114889e-01
   1.7850000e+03  -1.5084787e-01  -5.2485416e-01   2.2315842e-01
   1.7860000e+03  -1.7687439e-01  -5.5088068e-01   1.9713190e-01
   1.7870000e+03  -1.9290424e-01  -5.6691053e-01   1.8110205e-01
   1.7880000e+03  -1.9375784e-01  -5.6776413e-01   1.8024845e-01
   1.7890000e+03  -1.7907243e-01  -5.5307872e-01   1.9493386e-01
   1.7900000e+03  -1.5364077e-01  -5.2764706e-01   2.2036552e-01
   1.7910000e+03  -1.2591360e-01  -4.9991989e-01   2.4809269e-01
   1.7920000e+03  -1.0511921e-01  -4.7912550e-01   2.6888708e-01
   1.7930000e+03  -9.7979634e-02  -4.7198592e-01   2.7602666e-01
   1.7940000e+03  -1.0618985e-01  -4.8019614e-01   2.6781644e-01
   1.7950000e+03  -1.2559305e-01  -4.9959934e-01   2.4841324e-01
   1.7960000e+03  -1.4740905e-01  -5.2141534e-01   2.2659724e-01
   1.7970000e+03  -1.6115807e-01  -5.3516436e-01   2.1284822e-01
   1.7980000e+03  -1.5832312e-01  -5.3232941e-01   2.1568317e-01
   1.7990000e+03  -1.3552590e-01  -5.0953219e-01   2.3848039e-01
   1.8000000e+03  -1.5201217e-03  -3.7552642e-01   3.7248617e-01
   1.8010000e+03   7.6985198e-03  -3.6630778e-01   3.8170481e-01
   1.8020000e+03   9.8769237e-03  -3.6412937e-01   3.8388322e-01
   1.8030000e+03  -3.4010418e-03  -3.7740734e-01   3.7060525e-01
   1.8040000e+03  -3.7461026e-02  -4.1146732e-01   3.3654526e-01
   1.8050000e+03  -9.2913329e-02  -4.6691962e-01   2.8109296e-01
   1.8060000e+03  -1.6524639e-01  -5.3925268e-01   2.0875990e-01
   1.8070000e+03  -2.4575698e-01  -6.1976327e-01   1.2824931e-01
   1.8080000e+03  -3.2357997e-01  -6.9758626e-01   5.0426322e-02
   1.8090000e+03  -3.8829172e-01  -7.6229801e-01  -1.4285431e-02
   1.8100000e+03  -4.3241057e-01  -8.0641686e-01  -5.8404280e-02
   1.8110000e+03  -4.5314181e-01  -8.2714810e-01  -7.9135519e-02
   1.8120000e+03  -4.5290621e-01  -8.2691250e-01  -7.8899919e-02
   1.8130000e+03  -4.3850419e-01  -8.1251048e-01  -6.4497896e-02
   1.8140000e+03  -4.1912588e-01  -7.9313217e-01  -4.5119588e-02
   1.8150000e+03  -4.0373152e-01  -7.7773782e-01  -2.9725233e-02
   1.8160000e+03  -3.9851227e-01  -7.7251856e-01  -2.4505980e-02
   1.8170000e+03  -4.0514334e-01  -7.7914964e-01  -3.1137052e-02
   1.8180000e+03  -4.2034563e-01  -7.9435192e-01  -4.6339335e-02
   1.8190000e+03  -4.3692092e-01  -8.1092722e-01  -6.2914632e-02
   1.8200000e+03  -4.4600799e-01  -8.2001428e-01  -7.2001700e-02
   1.8210000e+03  -4.3993911e-01  -8.1394540e-01  -6.5932817e-02
   1.8220000e+03  -4.1487176e-01  -7.8887805e-01  -4.0865464e-02
   1.8230000e+03  -3.7239912e-01  -7.4640541e-01   1.6071702e-03
   1.8240000e+03  -3.1961107e-01  -6.9361736e-01   5.4395222e-02
   1.8250000e+03  -2.6751636e-01  -6.4152266e-01   1.0648993e-01
   1.8260000e+03  -2.2821953e-01  -6.0222582e-01   1.4578676e-01
   1.8270000e+03  -2.1162813e-01  -5.8563442e-01   1.6237816e-01
   1.8280000e+03  -2.2262707e-01  -5.9663336e-01   1.5137922e-01
   1.8290000e+03  -2.5954270e-01  -6.3354899e-01   1.1446359e-01
   1.8300000e+03  -3.1436024e-01  -6.8836653e-01   5.9646051e-02
   1.8310000e+03  -3.7466022e-01  -7.4866651e-01  -6.5392824e-04
   1.8320000e+03  -4.2675100e-01  -8.0075729e-01  -5.2744711e-02
   1.8330000e+03  -4.5913944e-01  -8.3314573e-01  -8.5133147e-02
   1.8340000e+03  -4.6539684e-01  -8.3940313e-01  -9.1390553e-02
   1.8350000e+03  -4.4566083e-01  -8.1966712e-01  -7.1654537e-02
   1.8360000e+03  -4.0640404e-01  -7.8041033e-01  -3.2397746e-02
   1.8370000e+03  -3.5858059e-01  -7.3258688e-01   1.5425703e-02
   1.8380000e+03  -3.1468797e-01  -6.8869426e-01   5.9318322e-02
   1.8390000e+03  -2.8554303e-01  -6.5954932e-01   8.8463260e-02
   1.8400000e+03  -2.7760127e-01  -6.5160756e-01   9.6405024e-02
   1.8410000e+03  -2.9146121e-01  -6.6546750e-01   8.2545086e-02
   1.8420000e+03  -3.2185833e-01  -6.9586462e-01   5.2147961e-02
   1.8430000e+03  -3.5906973e-01  -7.3307602e-01   1.4936561e-02
   1.8440000e+03  -3.9132378e-01  -7.6533007e-01  -1.7317485e-02
   1.8450000e+03  -4.0761108e-01  -7.8161737e-01  -3.3604786e-02
   1.8460000e+03  -4.0025151e-01  -7.7425780e-01  -2.6245219e-02
   1.8470000e+03  -3.6667392e-01  -7.4068021e-01   7.3323764e-03
   1.8480000e+03  -3.1006903e-01  -6.8407532e-01   6.3937264e-02
   1.8490000e+03  -2.3882799e-01  -6.1283428e-01   1.3517830e-01
   1.8500000e+03  -1.9355503e-01  -5.6756132e-01   1.8045126e-01
