   5.0000000e+02   9.0104474e+00
   5.0100000e+02   9.0228520e+00
   5.0200000e+02   9.0428096e+00
   5.0300000e+02   9.0698997e+00
   5.0400000e+02   9.1035813e+00
   5.0500000e+02   9.1432037e+00
   5.0600000e+02   9.1880201e+00
   5.0700000e+02   9.2372021e+00
   5.0800000e+02   9.2898560e+00
   5.0900000e+02   9.3450397e+00
   5.1000000e+02   9.4017806e+00
   5.1100000e+02   9.4590939e+00
   5.1200000e+02   9.5160003e+00
   5.1300000e+02   9.5715442e+00
   5.1400000e+02   9.6248103e+00
   5.1500000e+02   9.6749402e+00
   5.1600000e+02   9.7211469e+00
   5.1700000e+02   9.7627281e+00
   5.1800000e+02   9.7990778e+00
   5.1900000e+02   9.8296957e+00
   5.2000000e+02   9.8541948e+00
   5.2100000e+02   9.8723064e+00
   5.2200000e+02   9.8838832e+00
   5.2300000e+02   9.8888997e+00
   5.2400000e+02   9.8874507e+00
   5.2500000e+02   9.8797475e+00
   5.2600000e+02   9.8661114e+00
   5.2700000e+02   9.8469667e+00
   5.2800000e+02   9.8228300e+00
   5.2900000e+02   9.7942999e+00
   5.3000000e+02   9.7620440e+00
   5.3100000e+02   9.7267857e+00
   5.3200000e+02   9.6892902e+00
   5.3300000e+02   9.6503495e+00
   5.3400000e+02   9.6107681e+00
   5.3500000e+02   9.5713485e+00
   5.3600000e+02   9.5328770e+00
   5.3700000e+02   9.4961107e+00
   5.3800000e+02   9.4617654e+00
   5.3900000e+02   9.4305040e+00
   5.4000000e+02   9.4029276e+00
   5.4100000e+02   9.3795672e+00
   5.4200000e+02   9.3608773e+00
   5.4300000e+02   9.3472317e+00
   5.4400000e+02   9.3389202e+00
   5.4500000e+02   9.3361484e+00
   5.4600000e+02   9.3390378e+00
   5.4700000e+02   9.3476287e+00
   5.4800000e+02   9.3618838e+00
   5.4900000e+02   9.3816939e+00
   5.5000000e+02   9.4068842e+00
   5.5100000e+02   9.4372218e+00
   5.5200000e+02   9.4724239e+00
   5.5300000e+02   9.5121663e+00
   5.5400000e+02   9.5560926e+00
   5.5500000e+02   9.6038227e+00
   5.5600000e+02   9.6549618e+00
   5.5700000e+02   9.7091084e+00
   5.5800000e+02   9.7658618e+00
   5.5900000e+02   9.8248285e+00
   5.6000000e+02   9.8856282e+00
   5.6100000e+02   9.9478979e+00
   5.6200000e+02   1.0011295e+01
   5.6300000e+02   1.0075501e+01
   5.6400000e+02   1.0140220e+01
   5.6500000e+02   1.0205178e+01
   5.6600000e+02   1.0270124e+01
   5.6700000e+02   1.0334827e+01
   5.6800000e+02   1.0399070e+01
   5.6900000e+02   1.0462647e+01
   5.7000000e+02   1.0525360e+01
   5.7100000e+02   1.0587013e+01
   5.7200000e+02   1.0647407e+01
   5.7300000e+02   1.0706333e+01
   5.7400000e+02   1.0763571e+01
   5.7500000e+02   1.0818884e+01
   5.7600000e+02   1.0872017e+01
   5.7700000e+02   1.0922689e+01
   5.7800000e+02   1.0970601e+01
   5.7900000e+02   1.1015426e+01
   5.8000000e+02   1.1056819e+01
   5.8100000e+02   1.1094412e+01
   5.8200000e+02   1.1127823e+01
   5.8300000e+02   1.1156660e+01
   5.8400000e+02   1.1180526e+01
   5.8500000e+02   1.1199024e+01
   5.8600000e+02   1.1211773e+01
   5.8700000e+02   1.1218406e+01
   5.8800000e+02   1.1218587e+01
   5.8900000e+02   1.1212017e+01
   5.9000000e+02   1.1198443e+01
   5.9100000e+02   1.1177670e+01
   5.9200000e+02   1.1149564e+01
   5.9300000e+02   1.1114064e+01
   5.9400000e+02   1.1071187e+01
   5.9500000e+02   1.1021032e+01
   5.9600000e+02   1.0963784e+01
   5.9700000e+02   1.0899717e+01
   5.9800000e+02   1.0829194e+01
   5.9900000e+02   1.0752664e+01
   6.0000000e+02   1.0670659e+01
   6.0100000e+02   1.0583791e+01
   6.0200000e+02   1.0492739e+01
   6.0300000e+02   1.0398248e+01
   6.0400000e+02   1.0301112e+01
   6.0500000e+02   1.0202167e+01
   6.0600000e+02   1.0102274e+01
   6.0700000e+02   1.0002310e+01
   6.0800000e+02   9.9031509e+00
   6.0900000e+02   9.8056578e+00
   6.1000000e+02   9.7106631e+00
   6.1100000e+02   9.6189565e+00
   6.1200000e+02   9.5312721e+00
   6.1300000e+02   9.4482759e+00
   6.1400000e+02   9.3705556e+00
   6.1500000e+02   9.2986105e+00
   6.1600000e+02   9.2328446e+00
   6.1700000e+02   9.1735611e+00
   6.1800000e+02   9.1209581e+00
   6.1900000e+02   9.0751282e+00
   6.2000000e+02   9.0360586e+00
   6.2100000e+02   9.0036343e+00
   6.2200000e+02   8.9776434e+00
   6.2300000e+02   8.9577836e+00
   6.2400000e+02   8.9436718e+00
   6.2500000e+02   8.9348541e+00
   6.2600000e+02   8.9308179e+00
   6.2700000e+02   8.9310047e+00
   6.2800000e+02   8.9348244e+00
   6.2900000e+02   8.9416691e+00
   6.3000000e+02   8.9509278e+00
   6.3100000e+02   8.9620006e+00
   6.3200000e+02   8.9743128e+00
   6.3300000e+02   8.9873276e+00
   6.3400000e+02   9.0005582e+00
   6.3500000e+02   9.0135782e+00
   6.3600000e+02   9.0260309e+00
   6.3700000e+02   9.0376358e+00
   6.3800000e+02   9.0481946e+00
   6.3900000e+02   9.0575938e+00
   6.4000000e+02   9.0658056e+00
   6.4100000e+02   9.0728872e+00
   6.4200000e+02   9.0789771e+00
   6.4300000e+02   9.0842901e+00
   6.4400000e+02   9.0891099e+00
   6.4500000e+02   9.0937802e+00
   6.4600000e+02   9.0986943e+00
   6.4700000e+02   9.1042832e+00
   6.4800000e+02   9.1110030e+00
   6.4900000e+02   9.1193212e+00
   6.5000000e+02   9.1297030e+00
   6.5100000e+02   9.1425971e+00
   6.5200000e+02   9.1584221e+00
   6.5300000e+02   9.1775530e+00
   6.5400000e+02   9.2003088e+00
   6.5500000e+02   9.2269415e+00
   6.5600000e+02   9.2576258e+00
   6.5700000e+02   9.2924508e+00
   6.5800000e+02   9.3314138e+00
   6.5900000e+02   9.3744153e+00
   6.6000000e+02   9.4212569e+00
   6.6100000e+02   9.4716407e+00
   6.6200000e+02   9.5251713e+00
   6.6300000e+02   9.5813600e+00
   6.6400000e+02   9.6396308e+00
   6.6500000e+02   9.6993284e+00
   6.6600000e+02   9.7597288e+00
   6.6700000e+02   9.8200505e+00
   6.6800000e+02   9.8794680e+00
   6.6900000e+02   9.9371261e+00
   6.7000000e+02   9.9921555e+00
   6.7100000e+02   1.0043689e+01
   6.7200000e+02   1.0090876e+01
   6.7300000e+02   1.0132903e+01
   6.7400000e+02   1.0169005e+01
   6.7500000e+02   1.0198485e+01
   6.7600000e+02   1.0220725e+01
   6.7700000e+02   1.0235201e+01
   6.7800000e+02   1.0241495e+01
   6.7900000e+02   1.0239308e+01
   6.8000000e+02   1.0228459e+01
   6.8100000e+02   1.0208902e+01
   6.8200000e+02   1.0180722e+01
   6.8300000e+02   1.0144140e+01
   6.8400000e+02   1.0099509e+01
   6.8500000e+02   1.0047314e+01
   6.8600000e+02   9.9881617e+00
   6.8700000e+02   9.9227762e+00
   6.8800000e+02   9.8519852e+00
   6.8900000e+02   9.7767092e+00
   6.9000000e+02   9.6979458e+00
   6.9100000e+02   9.6167545e+00
   6.9200000e+02   9.5342389e+00
   6.9300000e+02   9.4515282e+00
   6.9400000e+02   9.3697584e+00
   6.9500000e+02   9.2900527e+00
   6.9600000e+02   9.2135025e+00
   6.9700000e+02   9.1411480e+00
   6.9800000e+02   9.0739603e+00
   6.9900000e+02   9.0128242e+00
   7.0000000e+02   8.9585226e+00
   7.0100000e+02   8.9117224e+00
   7.0200000e+02   8.8729630e+00
   7.0300000e+02   8.8426458e+00
   7.0400000e+02   8.8210278e+00
   7.0500000e+02   8.8082164e+00
   7.0600000e+02   8.8041676e+00
   7.0700000e+02   8.8086870e+00
   7.0800000e+02   8.8214329e+00
   7.0900000e+02   8.8419233e+00
   7.1000000e+02   8.8695438e+00
   7.1100000e+02   8.9035599e+00
   7.1200000e+02   8.9431301e+00
   7.1300000e+02   8.9873214e+00
   7.1400000e+02   9.0351269e+00
   7.1500000e+02   9.0854845e+00
   7.1600000e+02   9.1372963e+00
   7.1700000e+02   9.1894494e+00
   7.1800000e+02   9.2408366e+00
   7.1900000e+02   9.2903768e+00
   7.2000000e+02   9.3370350e+00
   7.2100000e+02   9.3798420e+00
   7.2200000e+02   9.4179117e+00
   7.2300000e+02   9.4504579e+00
   7.2400000e+02   9.4768085e+00
   7.2500000e+02   9.4964179e+00
   7.2600000e+02   9.5088765e+00
   7.2700000e+02   9.5139180e+00
   7.2800000e+02   9.5114242e+00
   7.2900000e+02   9.5014258e+00
   7.3000000e+02   9.4841019e+00
   7.3100000e+02   9.4597758e+00
   7.3200000e+02   9.4289079e+00
   7.3300000e+02   9.3920868e+00
   7.3400000e+02   9.3500172e+00
   7.3500000e+02   9.3035065e+00
   7.3600000e+02   9.2534489e+00
   7.3700000e+02   9.2008080e+00
   7.3800000e+02   9.1465990e+00
   7.3900000e+02   9.0918690e+00
   7.4000000e+02   9.0376775e+00
   7.4100000e+02   8.9850770e+00
   7.4200000e+02   8.9350936e+00
   7.4300000e+02   8.8887082e+00
   7.4400000e+02   8.8468393e+00
   7.4500000e+02   8.8103266e+00
   7.4600000e+02   8.7799170e+00
   7.4700000e+02   8.7562514e+00
   7.4800000e+02   8.7398551e+00
   7.4900000e+02   8.7311293e+00
   7.5000000e+02   8.7303456e+00
   7.5100000e+02   8.7376428e+00
   7.5200000e+02   8.7530267e+00
   7.5300000e+02   8.7763714e+00
   7.5400000e+02   8.8074236e+00
   7.5500000e+02   8.8458095e+00
   7.5600000e+02   8.8910428e+00
   7.5700000e+02   8.9425353e+00
   7.5800000e+02   8.9996089e+00
   7.5900000e+02   9.0615088e+00
   7.6000000e+02   9.1274179e+00
   7.6100000e+02   9.1964720e+00
   7.6200000e+02   9.2677751e+00
   7.6300000e+02   9.3404152e+00
   7.6400000e+02   9.4134800e+00
   7.6500000e+02   9.4860715e+00
   7.6600000e+02   9.5573208e+00
   7.6700000e+02   9.6264010e+00
   7.6800000e+02   9.6925398e+00
   7.6900000e+02   9.7550302e+00
   7.7000000e+02   9.8132396e+00
   7.7100000e+02   9.8666176e+00
   7.7200000e+02   9.9147021e+00
   7.7300000e+02   9.9571232e+00
   7.7400000e+02   9.9936062e+00
   7.7500000e+02   1.0023971e+01
   7.7600000e+02   1.0048134e+01
   7.7700000e+02   1.0066102e+01
   7.7800000e+02   1.0077969e+01
   7.7900000e+02   1.0083914e+01
   7.8000000e+02   1.0084192e+01
   7.8100000e+02   1.0079124e+01
   7.8200000e+02   1.0069093e+01
   7.8300000e+02   1.0054535e+01
   7.8400000e+02   1.0035924e+01
   7.8500000e+02   1.0013768e+01
   7.8600000e+02   9.9885991e+00
   7.8700000e+02   9.9609590e+00
   7.8800000e+02   9.9313940e+00
   7.8900000e+02   9.9004443e+00
   7.9000000e+02   9.8686357e+00
   7.9100000e+02   9.8364717e+00
   7.9200000e+02   9.8044269e+00
   7.9300000e+02   9.7729400e+00
   7.9400000e+02   9.7424093e+00
   7.9500000e+02   9.7131877e+00
   7.9600000e+02   9.6855797e+00
   7.9700000e+02   9.6598389e+00
   7.9800000e+02   9.6361666e+00
   7.9900000e+02   9.6147113e+00
   8.0000000e+02   9.5955690e+00
   8.0100000e+02   9.5787848e+00
   8.0200000e+02   9.5643549e+00
   8.0300000e+02   9.5522292e+00
   8.0400000e+02   9.5423150e+00
   8.0500000e+02   9.5344813e+00
   8.0600000e+02   9.5285629e+00
   8.0700000e+02   9.5243655e+00
   8.0800000e+02   9.5216712e+00
   8.0900000e+02   9.5202436e+00
   8.1000000e+02   9.5198337e+00
   8.1100000e+02   9.5201854e+00
   8.1200000e+02   9.5210413e+00
   8.1300000e+02   9.5221478e+00
   8.1400000e+02   9.5232607e+00
   8.1500000e+02   9.5241502e+00
   8.1600000e+02   9.5246053e+00
   8.1700000e+02   9.5244385e+00
   8.1800000e+02   9.5234892e+00
   8.1900000e+02   9.5216274e+00
   8.2000000e+02   9.5187562e+00
   8.2100000e+02   9.5148143e+00
   8.2200000e+02   9.5097773e+00
   8.2300000e+02   9.5036589e+00
   8.2400000e+02   9.4965111e+00
   8.2500000e+02   9.4884241e+00
   8.2600000e+02   9.4795251e+00
   8.2700000e+02   9.4699769e+00
   8.2800000e+02   9.4599753e+00
   8.2900000e+02   9.4497469e+00
   8.3000000e+02   9.4395449e+00
   8.3100000e+02   9.4296459e+00
   8.3200000e+02   9.4203448e+00
   8.3300000e+02   9.4119504e+00
   8.3400000e+02   9.4047797e+00
   8.3500000e+02   9.3991526e+00
   8.3600000e+02   9.3953860e+00
   8.3700000e+02   9.3937878e+00
   8.3800000e+02   9.3946507e+00
   8.3900000e+02   9.3982466e+00
   8.4000000e+02   9.4048198e+00
   8.4100000e+02   9.4145825e+00
   8.4200000e+02   9.4277082e+00
   8.4300000e+02   9.4443275e+00
   8.4400000e+02   9.4645233e+00
   8.4500000e+02   9.4883271e+00
   8.4600000e+02   9.5157154e+00
   8.4700000e+02   9.5466078e+00
   8.4800000e+02   9.5808649e+00
   8.4900000e+02   9.6182884e+00
   8.5000000e+02   9.6586203e+00
   8.5100000e+02   9.7015454e+00
   8.5200000e+02   9.7466927e+00
   8.5300000e+02   9.7936393e+00
   8.5400000e+02   9.8419145e+00
   8.5500000e+02   9.8910053e+00
   8.5600000e+02   9.9403628e+00
   8.5700000e+02   9.9894093e+00
   8.5800000e+02   1.0037546e+01
   8.5900000e+02   1.0084163e+01
   8.6000000e+02   1.0128646e+01
   8.6100000e+02   1.0170388e+01
   8.6200000e+02   1.0208800e+01
   8.6300000e+02   1.0243318e+01
   8.6400000e+02   1.0273415e+01
   8.6500000e+02   1.0298612e+01
   8.6600000e+02   1.0318483e+01
   8.6700000e+02   1.0332667e+01
   8.6800000e+02   1.0340879e+01
   8.6900000e+02   1.0342907e+01
   8.7000000e+02   1.0338628e+01
   8.7100000e+02   1.0328007e+01
   8.7200000e+02   1.0311102e+01
   8.7300000e+02   1.0288064e+01
   8.7400000e+02   1.0259139e+01
   8.7500000e+02   1.0224665e+01
   8.7600000e+02   1.0185068e+01
   8.7700000e+02   1.0140860e+01
   8.7800000e+02   1.0092629e+01
   8.7900000e+02   1.0041034e+01
   8.8000000e+02   9.9867915e+00
   8.8100000e+02   9.9306700e+00
   8.8200000e+02   9.8734739e+00
   8.8300000e+02   9.8160320e+00
   8.8400000e+02   9.7591844e+00
   8.8500000e+02   9.7037680e+00
   8.8600000e+02   9.6506024e+00
   8.8700000e+02   9.6004758e+00
   8.8800000e+02   9.5541307e+00
   8.8900000e+02   9.5122510e+00
   8.9000000e+02   9.4754493e+00
   8.9100000e+02   9.4442554e+00
   8.9200000e+02   9.4191063e+00
   8.9300000e+02   9.4003372e+00
   8.9400000e+02   9.3881753e+00
   8.9500000e+02   9.3827339e+00
   8.9600000e+02   9.3840098e+00
   8.9700000e+02   9.3918823e+00
   8.9800000e+02   9.4061142e+00
   8.9900000e+02   9.4263550e+00
   9.0000000e+02   9.4521463e+00
   9.0100000e+02   9.4829292e+00
   9.0200000e+02   9.5180535e+00
   9.0300000e+02   9.5567890e+00
   9.0400000e+02   9.5983377e+00
   9.0500000e+02   9.6418481e+00
   9.0600000e+02   9.6864304e+00
   9.0700000e+02   9.7311723e+00
   9.0800000e+02   9.7751555e+00
   9.0900000e+02   9.8174727e+00
   9.1000000e+02   9.8572444e+00
   9.1100000e+02   9.8936353e+00
   9.1200000e+02   9.9258702e+00
   9.1300000e+02   9.9532487e+00
   9.1400000e+02   9.9751590e+00
   9.1500000e+02   9.9910905e+00
   9.1600000e+02   1.0000643e+01
   9.1700000e+02   1.0003539e+01
   9.1800000e+02   9.9996232e+00
   9.1900000e+02   9.9888754e+00
   9.2000000e+02   9.9714066e+00
   9.2100000e+02   9.9474613e+00
   9.2200000e+02   9.9174142e+00
   9.2300000e+02   9.8817658e+00
   9.2400000e+02   9.8411353e+00
   9.2500000e+02   9.7962513e+00
   9.2600000e+02   9.7479409e+00
   9.2700000e+02   9.6971167e+00
   9.2800000e+02   9.6447629e+00
   9.2900000e+02   9.5919191e+00
   9.3000000e+02   9.5396642e+00
   9.3100000e+02   9.4890985e+00
   9.3200000e+02   9.4413263e+00
   9.3300000e+02   9.3974378e+00
   9.3400000e+02   9.3584916e+00
   9.3500000e+02   9.3254969e+00
   9.3600000e+02   9.2993977e+00
   9.3700000e+02   9.2810568e+00
   9.3800000e+02   9.2712420e+00
   9.3900000e+02   9.2706135e+00
   9.4000000e+02   9.2797129e+00
   9.4100000e+02   9.2989543e+00
   9.4200000e+02   9.3286178e+00
   9.4300000e+02   9.3688446e+00
   9.4400000e+02   9.4196341e+00
   9.4500000e+02   9.4808447e+00
   9.4600000e+02   9.5521949e+00
   9.4700000e+02   9.6332681e+00
   9.4800000e+02   9.7235187e+00
   9.4900000e+02   9.8222806e+00
   9.5000000e+02   9.9287771e+00
   9.5100000e+02   1.0042133e+01
   9.5200000e+02   1.0161387e+01
   9.5300000e+02   1.0285509e+01
   9.5400000e+02   1.0413409e+01
   9.5500000e+02   1.0543963e+01
   9.5600000e+02   1.0676017e+01
   9.5700000e+02   1.0808417e+01
   9.5800000e+02   1.0940014e+01
   9.5900000e+02   1.1069686e+01
   9.6000000e+02   1.1196352e+01
   9.6100000e+02   1.1318987e+01
   9.6200000e+02   1.1436632e+01
   9.6300000e+02   1.1548411e+01
   9.6400000e+02   1.1653535e+01
   9.6500000e+02   1.1751318e+01
   9.6600000e+02   1.1841177e+01
   9.6700000e+02   1.1922641e+01
   9.6800000e+02   1.1995351e+01
   9.6900000e+02   1.2059067e+01
   9.7000000e+02   1.2113658e+01
   9.7100000e+02   1.2159108e+01
   9.7200000e+02   1.2195507e+01
   9.7300000e+02   1.2223047e+01
   9.7400000e+02   1.2242012e+01
   9.7500000e+02   1.2252773e+01
   9.7600000e+02   1.2255775e+01
   9.7700000e+02   1.2251528e+01
   9.7800000e+02   1.2240594e+01
   9.7900000e+02   1.2223578e+01
   9.8000000e+02   1.2201113e+01
   9.8100000e+02   1.2173851e+01
   9.8200000e+02   1.2142448e+01
   9.8300000e+02   1.2107557e+01
   9.8400000e+02   1.2069812e+01
   9.8500000e+02   1.2029826e+01
   9.8600000e+02   1.1988174e+01
   9.8700000e+02   1.1945392e+01
   9.8800000e+02   1.1901970e+01
   9.8900000e+02   1.1858343e+01
   9.9000000e+02   1.1814895e+01
   9.9100000e+02   1.1771948e+01
   9.9200000e+02   1.1729772e+01
   9.9300000e+02   1.1688576e+01
   9.9400000e+02   1.1648519e+01
   9.9500000e+02   1.1609705e+01
   9.9600000e+02   1.1572196e+01
   9.9700000e+02   1.1536009e+01
   9.9800000e+02   1.1501129e+01
   9.9900000e+02   1.1467513e+01
   1.0000000e+03   1.1435095e+01
   1.0010000e+03   1.1403797e+01
   1.0020000e+03   1.1373535e+01
   1.0030000e+03   1.1344223e+01
   1.0040000e+03   1.1315784e+01
   1.0050000e+03   1.1288155e+01
   1.0060000e+03   1.1261289e+01
   1.0070000e+03   1.1235165e+01
   1.0080000e+03   1.1209785e+01
   1.0090000e+03   1.1185184e+01
   1.0100000e+03   1.1161423e+01
   1.0110000e+03   1.1138596e+01
   1.0120000e+03   1.1116826e+01
   1.0130000e+03   1.1096262e+01
   1.0140000e+03   1.1077077e+01
   1.0150000e+03   1.1059465e+01
   1.0160000e+03   1.1043632e+01
   1.0170000e+03   1.1029796e+01
   1.0180000e+03   1.1018173e+01
   1.0190000e+03   1.1008979e+01
   1.0200000e+03   1.1002413e+01
   1.0210000e+03   1.0998661e+01
   1.0220000e+03   1.0997877e+01
   1.0230000e+03   1.1000188e+01
   1.0240000e+03   1.1005680e+01
   1.0250000e+03   1.1014394e+01
   1.0260000e+03   1.1026327e+01
   1.0270000e+03   1.1041420e+01
   1.0280000e+03   1.1059565e+01
   1.0290000e+03   1.1080596e+01
   1.0300000e+03   1.1104294e+01
   1.0310000e+03   1.1130390e+01
   1.0320000e+03   1.1158563e+01
   1.0330000e+03   1.1188449e+01
   1.0340000e+03   1.1219647e+01
   1.0350000e+03   1.1251720e+01
   1.0360000e+03   1.1284210e+01
   1.0370000e+03   1.1316644e+01
   1.0380000e+03   1.1348541e+01
   1.0390000e+03   1.1379425e+01
   1.0400000e+03   1.1408833e+01
   1.0410000e+03   1.1436325e+01
   1.0420000e+03   1.1461496e+01
   1.0430000e+03   1.1483982e+01
   1.0440000e+03   1.1503468e+01
   1.0450000e+03   1.1519699e+01
   1.0460000e+03   1.1532482e+01
   1.0470000e+03   1.1541692e+01
   1.0480000e+03   1.1547277e+01
   1.0490000e+03   1.1549255e+01
   1.0500000e+03   1.1547719e+01
   1.0510000e+03   1.1542829e+01
   1.0520000e+03   1.1534814e+01
   1.0530000e+03   1.1523962e+01
   1.0540000e+03   1.1510615e+01
   1.0550000e+03   1.1495160e+01
   1.0560000e+03   1.1478017e+01
   1.0570000e+03   1.1459632e+01
   1.0580000e+03   1.1440460e+01
   1.0590000e+03   1.1420957e+01
   1.0600000e+03   1.1401565e+01
   1.0610000e+03   1.1382700e+01
   1.0620000e+03   1.1364740e+01
   1.0630000e+03   1.1348012e+01
   1.0640000e+03   1.1332782e+01
   1.0650000e+03   1.1319250e+01
   1.0660000e+03   1.1307533e+01
   1.0670000e+03   1.1297669e+01
   1.0680000e+03   1.1289607e+01
   1.0690000e+03   1.1283206e+01
   1.0700000e+03   1.1278237e+01
   1.0710000e+03   1.1274386e+01
   1.0720000e+03   1.1271257e+01
   1.0730000e+03   1.1268379e+01
   1.0740000e+03   1.1265218e+01
   1.0750000e+03   1.1261187e+01
   1.0760000e+03   1.1255657e+01
   1.0770000e+03   1.1247972e+01
   1.0780000e+03   1.1237469e+01
   1.0790000e+03   1.1223488e+01
   1.0800000e+03   1.1205391e+01
   1.0810000e+03   1.1182581e+01
   1.0820000e+03   1.1154515e+01
   1.0830000e+03   1.1120721e+01
   1.0840000e+03   1.1080814e+01
   1.0850000e+03   1.1034507e+01
   1.0860000e+03   1.0981622e+01
   1.0870000e+03   1.0922102e+01
   1.0880000e+03   1.0856014e+01
   1.0890000e+03   1.0783555e+01
   1.0900000e+03   1.0705052e+01
   1.0910000e+03   1.0620963e+01
   1.0920000e+03   1.0531869e+01
   1.0930000e+03   1.0438471e+01
   1.0940000e+03   1.0341576e+01
   1.0950000e+03   1.0242085e+01
   1.0960000e+03   1.0140981e+01
   1.0970000e+03   1.0039310e+01
   1.0980000e+03   9.9381595e+00
   1.0990000e+03   9.8386447e+00
   1.1000000e+03   9.7418821e+00
   1.1010000e+03   9.6489705e+00
   1.1020000e+03   9.5609684e+00
   1.1030000e+03   9.4788737e+00
   1.1040000e+03   9.4036030e+00
   1.1050000e+03   9.3359727e+00
   1.1060000e+03   9.2766820e+00
   1.1070000e+03   9.2262978e+00
   1.1080000e+03   9.1852423e+00
   1.1090000e+03   9.1537832e+00
   1.1100000e+03   9.1320269e+00
   1.1110000e+03   9.1199155e+00
   1.1120000e+03   9.1172257e+00
   1.1130000e+03   9.1235730e+00
   1.1140000e+03   9.1384172e+00
   1.1150000e+03   9.1610730e+00
   1.1160000e+03   9.1907216e+00
   1.1170000e+03   9.2264271e+00
   1.1180000e+03   9.2671536e+00
   1.1190000e+03   9.3117859e+00
   1.1200000e+03   9.3591505e+00
   1.1210000e+03   9.4080392e+00
   1.1220000e+03   9.4572321e+00
   1.1230000e+03   9.5055222e+00
   1.1240000e+03   9.5517387e+00
   1.1250000e+03   9.5947705e+00
   1.1260000e+03   9.6335874e+00
   1.1270000e+03   9.6672608e+00
   1.1280000e+03   9.6949815e+00
   1.1290000e+03   9.7160753e+00
   1.1300000e+03   9.7300161e+00
   1.1310000e+03   9.7364352e+00
   1.1320000e+03   9.7351280e+00
   1.1330000e+03   9.7260572e+00
   1.1340000e+03   9.7093520e+00
   1.1350000e+03   9.6853048e+00
   1.1360000e+03   9.6543639e+00
   1.1370000e+03   9.6171227e+00
   1.1380000e+03   9.5743070e+00
   1.1390000e+03   9.5267586e+00
   1.1400000e+03   9.4754174e+00
   1.1410000e+03   9.4213005e+00
   1.1420000e+03   9.3654814e+00
   1.1430000e+03   9.3090665e+00
   1.1440000e+03   9.2531723e+00
   1.1450000e+03   9.1989019e+00
   1.1460000e+03   9.1473224e+00
   1.1470000e+03   9.0994428e+00
   1.1480000e+03   9.0561937e+00
   1.1490000e+03   9.0184085e+00
   1.1500000e+03   8.9868073e+00
   1.1510000e+03   8.9619824e+00
   1.1520000e+03   8.9443879e+00
   1.1530000e+03   8.9343313e+00
   1.1540000e+03   8.9319686e+00
   1.1550000e+03   8.9373030e+00
   1.1560000e+03   8.9501859e+00
   1.1570000e+03   8.9703225e+00
   1.1580000e+03   8.9972792e+00
   1.1590000e+03   9.0304940e+00
   1.1600000e+03   9.0692905e+00
   1.1610000e+03   9.1128930e+00
   1.1620000e+03   9.1604439e+00
   1.1630000e+03   9.2110227e+00
   1.1640000e+03   9.2636661e+00
   1.1650000e+03   9.3173887e+00
   1.1660000e+03   9.3712037e+00
   1.1670000e+03   9.4241433e+00
   1.1680000e+03   9.4752788e+00
   1.1690000e+03   9.5237393e+00
   1.1700000e+03   9.5687286e+00
   1.1710000e+03   9.6095405e+00
   1.1720000e+03   9.6455723e+00
   1.1730000e+03   9.6763352e+00
   1.1740000e+03   9.7014623e+00
   1.1750000e+03   9.7207140e+00
   1.1760000e+03   9.7339806e+00
   1.1770000e+03   9.7412819e+00
   1.1780000e+03   9.7427640e+00
   1.1790000e+03   9.7386938e+00
   1.1800000e+03   9.7294506e+00
   1.1810000e+03   9.7155157e+00
   1.1820000e+03   9.6974599e+00
   1.1830000e+03   9.6759294e+00
   1.1840000e+03   9.6516306e+00
   1.1850000e+03   9.6253133e+00
   1.1860000e+03   9.5977540e+00
   1.1870000e+03   9.5697388e+00
   1.1880000e+03   9.5420460e+00
   1.1890000e+03   9.5154302e+00
   1.1900000e+03   9.4906062e+00
   1.1910000e+03   9.4682351e+00
   1.1920000e+03   9.4489112e+00
   1.1930000e+03   9.4331509e+00
   1.1940000e+03   9.4213839e+00
   1.1950000e+03   9.4139455e+00
   1.1960000e+03   9.4110727e+00
   1.1970000e+03   9.4129005e+00
   1.1980000e+03   9.4194627e+00
   1.1990000e+03   9.4306929e+00
   1.2000000e+03   9.4464292e+00
   1.2010000e+03   9.4664195e+00
   1.2020000e+03   9.4903298e+00
   1.2030000e+03   9.5177534e+00
   1.2040000e+03   9.5482214e+00
   1.2050000e+03   9.5812144e+00
   1.2060000e+03   9.6161753e+00
   1.2070000e+03   9.6525218e+00
   1.2080000e+03   9.6896598e+00
   1.2090000e+03   9.7269964e+00
   1.2100000e+03   9.7639523e+00
   1.2110000e+03   9.7999740e+00
   1.2120000e+03   9.8345445e+00
   1.2130000e+03   9.8671934e+00
   1.2140000e+03   9.8975051e+00
   1.2150000e+03   9.9251265e+00
   1.2160000e+03   9.9497716e+00
   1.2170000e+03   9.9712262e+00
   1.2180000e+03   9.9893491e+00
   1.2190000e+03   1.0004073e+01
   1.2200000e+03   1.0015404e+01
   1.2210000e+03   1.0023417e+01
   1.2220000e+03   1.0028251e+01
   1.2230000e+03   1.0030108e+01
   1.2240000e+03   1.0029239e+01
   1.2250000e+03   1.0025942e+01
   1.2260000e+03   1.0020552e+01
   1.2270000e+03   1.0013429e+01
   1.2280000e+03   1.0004953e+01
   1.2290000e+03   9.9955081e+00
   1.2300000e+03   9.9854814e+00
   1.2310000e+03   9.9752466e+00
   1.2320000e+03   9.9651590e+00
   1.2330000e+03   9.9555463e+00
   1.2340000e+03   9.9467022e+00
   1.2350000e+03   9.9388799e+00
   1.2360000e+03   9.9322874e+00
   1.2370000e+03   9.9270838e+00
   1.2380000e+03   9.9233768e+00
   1.2390000e+03   9.9212214e+00
   1.2400000e+03   9.9206201e+00
   1.2410000e+03   9.9215239e+00
   1.2420000e+03   9.9238351e+00
   1.2430000e+03   9.9274102e+00
   1.2440000e+03   9.9320647e+00
   1.2450000e+03   9.9375779e+00
   1.2460000e+03   9.9436989e+00
   1.2470000e+03   9.9501526e+00
   1.2480000e+03   9.9566466e+00
   1.2490000e+03   9.9628777e+00
   1.2500000e+03   9.9685384e+00
   1.2510000e+03   9.9733236e+00
   1.2520000e+03   9.9769369e+00
   1.2530000e+03   9.9790962e+00
   1.2540000e+03   9.9795385e+00
   1.2550000e+03   9.9780251e+00
   1.2560000e+03   9.9743449e+00
   1.2570000e+03   9.9683173e+00
   1.2580000e+03   9.9597948e+00
   1.2590000e+03   9.9486641e+00
   1.2600000e+03   9.9348469e+00
   1.2610000e+03   9.9182998e+00
   1.2620000e+03   9.8990135e+00
   1.2630000e+03   9.8770114e+00
   1.2640000e+03   9.8523481e+00
   1.2650000e+03   9.8251070e+00
   1.2660000e+03   9.7953980e+00
   1.2670000e+03   9.7633549e+00
   1.2680000e+03   9.7291326e+00
   1.2690000e+03   9.6929048e+00
   1.2700000e+03   9.6548615e+00
   1.2710000e+03   9.6152066e+00
   1.2720000e+03   9.5741564e+00
   1.2730000e+03   9.5319375e+00
   1.2740000e+03   9.4887863e+00
   1.2750000e+03   9.4449474e+00
   1.2760000e+03   9.4006738e+00
   1.2770000e+03   9.3562260e+00
   1.2780000e+03   9.3118726e+00
   1.2790000e+03   9.2678904e+00
   1.2800000e+03   9.2245644e+00
   1.2810000e+03   9.1821884e+00
   1.2820000e+03   9.1410647e+00
   1.2830000e+03   9.1015046e+00
   1.2840000e+03   9.0638273e+00
   1.2850000e+03   9.0283591e+00
   1.2860000e+03   8.9954322e+00
   1.2870000e+03   8.9653819e+00
   1.2880000e+03   8.9385443e+00
   1.2890000e+03   8.9152523e+00
   1.2900000e+03   8.8958315e+00
   1.2910000e+03   8.8805948e+00
   1.2920000e+03   8.8698366e+00
   1.2930000e+03   8.8638265e+00
   1.2940000e+03   8.8628023e+00
   1.2950000e+03   8.8669627e+00
   1.2960000e+03   8.8764594e+00
   1.2970000e+03   8.8913901e+00
   1.2980000e+03   8.9117906e+00
   1.2990000e+03   8.9376281e+00
   1.3000000e+03   8.9687945e+00
   1.3010000e+03   9.0051011e+00
   1.3020000e+03   9.0462744e+00
   1.3030000e+03   9.0919523e+00
   1.3040000e+03   9.1416832e+00
   1.3050000e+03   9.1949255e+00
   1.3060000e+03   9.2510497e+00
   1.3070000e+03   9.3093422e+00
   1.3080000e+03   9.3690114e+00
   1.3090000e+03   9.4291950e+00
   1.3100000e+03   9.4889703e+00
   1.3110000e+03   9.5473657e+00
   1.3120000e+03   9.6033746e+00
   1.3130000e+03   9.6559704e+00
   1.3140000e+03   9.7041230e+00
   1.3150000e+03   9.7468168e+00
   1.3160000e+03   9.7830690e+00
   1.3170000e+03   9.8119485e+00
   1.3180000e+03   9.8325954e+00
   1.3190000e+03   9.8442390e+00
   1.3200000e+03   9.8462167e+00
   1.3210000e+03   9.8379898e+00
   1.3220000e+03   9.8191599e+00
   1.3230000e+03   9.7894812e+00
   1.3240000e+03   9.7488726e+00
   1.3250000e+03   9.6974255e+00
   1.3260000e+03   9.6354096e+00
   1.3270000e+03   9.5632753e+00
   1.3280000e+03   9.4816532e+00
   1.3290000e+03   9.3913497e+00
   1.3300000e+03   9.2933395e+00
   1.3310000e+03   9.1887549e+00
   1.3320000e+03   9.0788714e+00
   1.3330000e+03   8.9650910e+00
   1.3340000e+03   8.8489217e+00
   1.3350000e+03   8.7319558e+00
   1.3360000e+03   8.6158450e+00
   1.3370000e+03   8.5022745e+00
   1.3380000e+03   8.3929358e+00
   1.3390000e+03   8.2894984e+00
   1.3400000e+03   8.1935825e+00
   1.3410000e+03   8.1067307e+00
   1.3420000e+03   8.0303815e+00
   1.3430000e+03   7.9658441e+00
   1.3440000e+03   7.9142751e+00
   1.3450000e+03   7.8766576e+00
   1.3460000e+03   7.8537828e+00
   1.3470000e+03   7.8462359e+00
   1.3480000e+03   7.8543840e+00
   1.3490000e+03   7.8783686e+00
   1.3500000e+03   7.9181019e+00
   1.3510000e+03   7.9732672e+00
   1.3520000e+03   8.0433223e+00
   1.3530000e+03   8.1275080e+00
   1.3540000e+03   8.2248598e+00
   1.3550000e+03   8.3342226e+00
   1.3560000e+03   8.4542695e+00
   1.3570000e+03   8.5835229e+00
   1.3580000e+03   8.7203779e+00
   1.3590000e+03   8.8631280e+00
   1.3600000e+03   9.0099925e+00
   1.3610000e+03   9.1591441e+00
   1.3620000e+03   9.3087380e+00
   1.3630000e+03   9.4569402e+00
   1.3640000e+03   9.6019552e+00
   1.3650000e+03   9.7420537e+00
   1.3660000e+03   9.8755974e+00
   1.3670000e+03   1.0001063e+01
   1.3680000e+03   1.0117062e+01
   1.3690000e+03   1.0222362e+01
   1.3700000e+03   1.0315900e+01
   1.3710000e+03   1.0396797e+01
   1.3720000e+03   1.0464363e+01
   1.3730000e+03   1.0518109e+01
   1.3740000e+03   1.0557746e+01
   1.3750000e+03   1.0583184e+01
   1.3760000e+03   1.0594530e+01
   1.3770000e+03   1.0592079e+01
   1.3780000e+03   1.0576305e+01
   1.3790000e+03   1.0547851e+01
   1.3800000e+03   1.0507508e+01
   1.3810000e+03   1.0456206e+01
   1.3820000e+03   1.0394990e+01
   1.3830000e+03   1.0325005e+01
   1.3840000e+03   1.0247470e+01
   1.3850000e+03   1.0163664e+01
   1.3860000e+03   1.0074898e+01
   1.3870000e+03   9.9825006e+00
   1.3880000e+03   9.8877929e+00
   1.3890000e+03   9.7920723e+00
   1.3900000e+03   9.6965929e+00
   1.3910000e+03   9.6025491e+00
   1.3920000e+03   9.5110606e+00
   1.3930000e+03   9.4231586e+00
   1.3940000e+03   9.3397751e+00
   1.3950000e+03   9.2617328e+00
   1.3960000e+03   9.1897380e+00
   1.3970000e+03   9.1243754e+00
   1.3980000e+03   9.0661048e+00
   1.3990000e+03   9.0152599e+00
   1.4000000e+03   8.9720490e+00
   1.4010000e+03   8.9365575e+00
   1.4020000e+03   8.9087521e+00
   1.4030000e+03   8.8884867e+00
   1.4040000e+03   8.8755091e+00
   1.4050000e+03   8.8694698e+00
   1.4060000e+03   8.8699305e+00
   1.4070000e+03   8.8763750e+00
   1.4080000e+03   8.8882192e+00
   1.4090000e+03   8.9048226e+00
   1.4100000e+03   8.9254997e+00
   1.4110000e+03   8.9495310e+00
   1.4120000e+03   8.9761749e+00
   1.4130000e+03   9.0046788e+00
   1.4140000e+03   9.0342896e+00
   1.4150000e+03   9.0642645e+00
   1.4160000e+03   9.0938804e+00
   1.4170000e+03   9.1224435e+00
   1.4180000e+03   9.1492970e+00
   1.4190000e+03   9.1738297e+00
   1.4200000e+03   9.1954817e+00
   1.4210000e+03   9.2137510e+00
   1.4220000e+03   9.2281981e+00
   1.4230000e+03   9.2384502e+00
   1.4240000e+03   9.2442041e+00
   1.4250000e+03   9.2452285e+00
   1.4260000e+03   9.2413650e+00
   1.4270000e+03   9.2325286e+00
   1.4280000e+03   9.2187069e+00
   1.4290000e+03   9.1999591e+00
   1.4300000e+03   9.1764127e+00
   1.4310000e+03   9.1482617e+00
   1.4320000e+03   9.1157616e+00
   1.4330000e+03   9.0792256e+00
   1.4340000e+03   9.0390194e+00
   1.4350000e+03   8.9955550e+00
   1.4360000e+03   8.9492850e+00
   1.4370000e+03   8.9006959e+00
   1.4380000e+03   8.8503006e+00
   1.4390000e+03   8.7986320e+00
   1.4400000e+03   8.7462351e+00
   1.4410000e+03   8.6936597e+00
   1.4420000e+03   8.6414527e+00
   1.4430000e+03   8.5901514e+00
   1.4440000e+03   8.5402761e+00
   1.4450000e+03   8.4923232e+00
   1.4460000e+03   8.4467594e+00
   1.4470000e+03   8.4040153e+00
   1.4480000e+03   8.3644809e+00
   1.4490000e+03   8.3285004e+00
   1.4500000e+03   8.2963692e+00
   1.4510000e+03   8.2683301e+00
   1.4520000e+03   8.2445718e+00
   1.4530000e+03   8.2252276e+00
   1.4540000e+03   8.2103747e+00
   1.4550000e+03   8.2000349e+00
   1.4560000e+03   8.1941762e+00
   1.4570000e+03   8.1927147e+00
   1.4580000e+03   8.1955178e+00
   1.4590000e+03   8.2024080e+00
   1.4600000e+03   8.2131671e+00
   1.4610000e+03   8.2275410e+00
   1.4620000e+03   8.2452458e+00
   1.4630000e+03   8.2659725e+00
   1.4640000e+03   8.2893937e+00
   1.4650000e+03   8.3151694e+00
   1.4660000e+03   8.3429531e+00
   1.4670000e+03   8.3723973e+00
   1.4680000e+03   8.4031598e+00
   1.4690000e+03   8.4349085e+00
   1.4700000e+03   8.4673261e+00
   1.4710000e+03   8.5001146e+00
   1.4720000e+03   8.5329990e+00
   1.4730000e+03   8.5657297e+00
   1.4740000e+03   8.5980852e+00
   1.4750000e+03   8.6298730e+00
   1.4760000e+03   8.6609308e+00
   1.4770000e+03   8.6911259e+00
   1.4780000e+03   8.7203546e+00
   1.4790000e+03   8.7485405e+00
   1.4800000e+03   8.7756326e+00
   1.4810000e+03   8.8016024e+00
   1.4820000e+03   8.8264410e+00
   1.4830000e+03   8.8501554e+00
   1.4840000e+03   8.8727650e+00
   1.4850000e+03   8.8942977e+00
   1.4860000e+03   8.9147862e+00
   1.4870000e+03   8.9342639e+00
   1.4880000e+03   8.9527621e+00
   1.4890000e+03   8.9703063e+00
   1.4900000e+03   8.9869133e+00
   1.4910000e+03   9.0025897e+00
   1.4920000e+03   9.0173294e+00
   1.4930000e+03   9.0311129e+00
   1.4940000e+03   9.0439070e+00
   1.4950000e+03   9.0556647e+00
   1.4960000e+03   9.0663262e+00
   1.4970000e+03   9.0758205e+00
   1.4980000e+03   9.0840673e+00
   1.4990000e+03   9.0909801e+00
   1.5000000e+03   9.0964685e+00
   1.5010000e+03   9.1004425e+00
   1.5020000e+03   9.1028158e+00
   1.5030000e+03   9.1035096e+00
   1.5040000e+03   9.1024567e+00
   1.5050000e+03   9.0996055e+00
   1.5060000e+03   9.0949235e+00
   1.5070000e+03   9.0884004e+00
   1.5080000e+03   9.0800517e+00
   1.5090000e+03   9.0699204e+00
   1.5100000e+03   9.0580792e+00
   1.5110000e+03   9.0446316e+00
   1.5120000e+03   9.0297122e+00
   1.5130000e+03   9.0134865e+00
   1.5140000e+03   8.9961493e+00
   1.5150000e+03   8.9779232e+00
   1.5160000e+03   8.9590554e+00
   1.5170000e+03   8.9398148e+00
   1.5180000e+03   8.9204872e+00
   1.5190000e+03   8.9013708e+00
   1.5200000e+03   8.8827713e+00
   1.5210000e+03   8.8649958e+00
   1.5220000e+03   8.8483471e+00
   1.5230000e+03   8.8331179e+00
   1.5240000e+03   8.8195845e+00
   1.5250000e+03   8.8080013e+00
   1.5260000e+03   8.7985950e+00
   1.5270000e+03   8.7915597e+00
   1.5280000e+03   8.7870521e+00
   1.5290000e+03   8.7851882e+00
   1.5300000e+03   8.7860393e+00
   1.5310000e+03   8.7896307e+00
   1.5320000e+03   8.7959398e+00
   1.5330000e+03   8.8048961e+00
   1.5340000e+03   8.8163815e+00
   1.5350000e+03   8.8302323e+00
   1.5360000e+03   8.8462418e+00
   1.5370000e+03   8.8641636e+00
   1.5380000e+03   8.8837161e+00
   1.5390000e+03   8.9045879e+00
   1.5400000e+03   8.9264434e+00
   1.5410000e+03   8.9489290e+00
   1.5420000e+03   8.9716804e+00
   1.5430000e+03   8.9943288e+00
   1.5440000e+03   9.0165087e+00
   1.5450000e+03   9.0378642e+00
   1.5460000e+03   9.0580564e+00
   1.5470000e+03   9.0767692e+00
   1.5480000e+03   9.0937152e+00
   1.5490000e+03   9.1086409e+00
   1.5500000e+03   9.1213311e+00
   1.5510000e+03   9.1316120e+00
   1.5520000e+03   9.1393537e+00
   1.5530000e+03   9.1444719e+00
   1.5540000e+03   9.1469275e+00
   1.5550000e+03   9.1467266e+00
   1.5560000e+03   9.1439180e+00
   1.5570000e+03   9.1385908e+00
   1.5580000e+03   9.1308702e+00
   1.5590000e+03   9.1209135e+00
   1.5600000e+03   9.1089039e+00
   1.5610000e+03   9.0950454e+00
   1.5620000e+03   9.0795559e+00
   1.5630000e+03   9.0626610e+00
   1.5640000e+03   9.0445870e+00
   1.5650000e+03   9.0255545e+00
   1.5660000e+03   9.0057721e+00
   1.5670000e+03   8.9854305e+00
   1.5680000e+03   8.9646972e+00
   1.5690000e+03   8.9437122e+00
   1.5700000e+03   8.9225840e+00
   1.5710000e+03   8.9013873e+00
   1.5720000e+03   8.8801614e+00
   1.5730000e+03   8.8589096e+00
   1.5740000e+03   8.8375996e+00
   1.5750000e+03   8.8161661e+00
   1.5760000e+03   8.7945126e+00
   1.5770000e+03   8.7725162e+00
   1.5780000e+03   8.7500318e+00
   1.5790000e+03   8.7268977e+00
   1.5800000e+03   8.7029422e+00
   1.5810000e+03   8.6779898e+00
   1.5820000e+03   8.6518683e+00
   1.5830000e+03   8.6244158e+00
   1.5840000e+03   8.5954877e+00
   1.5850000e+03   8.5649630e+00
   1.5860000e+03   8.5327506e+00
   1.5870000e+03   8.4987944e+00
   1.5880000e+03   8.4630782e+00
   1.5890000e+03   8.4256288e+00
   1.5900000e+03   8.3865184e+00
   1.5910000e+03   8.3458661e+00
   1.5920000e+03   8.3038374e+00
   1.5930000e+03   8.2606429e+00
   1.5940000e+03   8.2165357e+00
   1.5950000e+03   8.1718076e+00
   1.5960000e+03   8.1267838e+00
   1.5970000e+03   8.0818169e+00
   1.5980000e+03   8.0372803e+00
   1.5990000e+03   7.9935600e+00
   1.6000000e+03   7.9510472e+00
   1.6010000e+03   7.9101293e+00
   1.6020000e+03   7.8711819e+00
   1.6030000e+03   7.8345602e+00
   1.6040000e+03   7.8005912e+00
   1.6050000e+03   7.7695667e+00
   1.6060000e+03   7.7417365e+00
   1.6070000e+03   7.7173031e+00
   1.6080000e+03   7.6964174e+00
   1.6090000e+03   7.6791758e+00
   1.6100000e+03   7.6656181e+00
   1.6110000e+03   7.6557280e+00
   1.6120000e+03   7.6494335e+00
   1.6130000e+03   7.6466100e+00
   1.6140000e+03   7.6470840e+00
   1.6150000e+03   7.6506385e+00
   1.6160000e+03   7.6570188e+00
   1.6170000e+03   7.6659401e+00
   1.6180000e+03   7.6770949e+00
   1.6190000e+03   7.6901617e+00
   1.6200000e+03   7.7048136e+00
   1.6210000e+03   7.7207266e+00
   1.6220000e+03   7.7375885e+00
   1.6230000e+03   7.7551062e+00
   1.6240000e+03   7.7730137e+00
   1.6250000e+03   7.7910779e+00
   1.6260000e+03   7.8091039e+00
   1.6270000e+03   7.8269394e+00
   1.6280000e+03   7.8444773e+00
   1.6290000e+03   7.8616569e+00
   1.6300000e+03   7.8784640e+00
   1.6310000e+03   7.8949290e+00
   1.6320000e+03   7.9111245e+00
   1.6330000e+03   7.9271606e+00
   1.6340000e+03   7.9431798e+00
   1.6350000e+03   7.9593505e+00
   1.6360000e+03   7.9758596e+00
   1.6370000e+03   7.9929050e+00
   1.6380000e+03   8.0106871e+00
   1.6390000e+03   8.0294004e+00
   1.6400000e+03   8.0492258e+00
   1.6410000e+03   8.0703216e+00
   1.6420000e+03   8.0928174e+00
   1.6430000e+03   8.1168066e+00
   1.6440000e+03   8.1423410e+00
   1.6450000e+03   8.1694268e+00
   1.6460000e+03   8.1980207e+00
   1.6470000e+03   8.2280285e+00
   1.6480000e+03   8.2593045e+00
   1.6490000e+03   8.2916528e+00
   1.6500000e+03   8.3248289e+00
   1.6510000e+03   8.3585444e+00
   1.6520000e+03   8.3924712e+00
   1.6530000e+03   8.4262482e+00
   1.6540000e+03   8.4594878e+00
   1.6550000e+03   8.4917839e+00
   1.6560000e+03   8.5227207e+00
   1.6570000e+03   8.5518808e+00
   1.6580000e+03   8.5788543e+00
   1.6590000e+03   8.6032479e+00
   1.6600000e+03   8.6246932e+00
   1.6610000e+03   8.6428544e+00
   1.6620000e+03   8.6574361e+00
   1.6630000e+03   8.6681896e+00
   1.6640000e+03   8.6749184e+00
   1.6650000e+03   8.6774823e+00
   1.6660000e+03   8.6758011e+00
   1.6670000e+03   8.6698561e+00
   1.6680000e+03   8.6596911e+00
   1.6690000e+03   8.6454118e+00
   1.6700000e+03   8.6271839e+00
   1.6710000e+03   8.6052302e+00
   1.6720000e+03   8.5798269e+00
   1.6730000e+03   8.5512986e+00
   1.6740000e+03   8.5200125e+00
   1.6750000e+03   8.4863722e+00
   1.6760000e+03   8.4508107e+00
   1.6770000e+03   8.4137835e+00
   1.6780000e+03   8.3757606e+00
   1.6790000e+03   8.3372196e+00
   1.6800000e+03   8.2986380e+00
   1.6810000e+03   8.2604861e+00
   1.6820000e+03   8.2232203e+00
   1.6830000e+03   8.1872767e+00
   1.6840000e+03   8.1530650e+00
   1.6850000e+03   8.1209640e+00
   1.6860000e+03   8.0913164e+00
   1.6870000e+03   8.0644255e+00
   1.6880000e+03   8.0405523e+00
   1.6890000e+03   8.0199126e+00
   1.6900000e+03   8.0026762e+00
   1.6910000e+03   7.9889658e+00
   1.6920000e+03   7.9788567e+00
   1.6930000e+03   7.9723782e+00
   1.6940000e+03   7.9695137e+00
   1.6950000e+03   7.9702036e+00
   1.6960000e+03   7.9743465e+00
   1.6970000e+03   7.9818030e+00
   1.6980000e+03   7.9923979e+00
   1.6990000e+03   8.0059242e+00
   1.7000000e+03   8.0221467e+00
   1.7010000e+03   8.0408059e+00
   1.7020000e+03   8.0616221e+00
   1.7030000e+03   8.0842996e+00
   1.7040000e+03   8.1085312e+00
   1.7050000e+03   8.1340020e+00
   1.7060000e+03   8.1603939e+00
   1.7070000e+03   8.1873901e+00
   1.7080000e+03   8.2146783e+00
   1.7090000e+03   8.2419555e+00
   1.7100000e+03   8.2689310e+00
   1.7110000e+03   8.2953301e+00
   1.7120000e+03   8.3208971e+00
   1.7130000e+03   8.3453985e+00
   1.7140000e+03   8.3686251e+00
   1.7150000e+03   8.3903942e+00
   1.7160000e+03   8.4105517e+00
   1.7170000e+03   8.4289731e+00
   1.7180000e+03   8.4455643e+00
   1.7190000e+03   8.4602624e+00
   1.7200000e+03   8.4730355e+00
   1.7210000e+03   8.4838824e+00
   1.7220000e+03   8.4928312e+00
   1.7230000e+03   8.4999386e+00
   1.7240000e+03   8.5052880e+00
   1.7250000e+03   8.5089871e+00
   1.7260000e+03   8.5111655e+00
   1.7270000e+03   8.5119722e+00
   1.7280000e+03   8.5115724e+00
   1.7290000e+03   8.5101439e+00
   1.7300000e+03   8.5078746e+00
   1.7310000e+03   8.5049581e+00
   1.7320000e+03   8.5015911e+00
   1.7330000e+03   8.4979693e+00
   1.7340000e+03   8.4942846e+00
   1.7350000e+03   8.4907221e+00
   1.7360000e+03   8.4874570e+00
   1.7370000e+03   8.4846521e+00
   1.7380000e+03   8.4824561e+00
   1.7390000e+03   8.4810014e+00
   1.7400000e+03   8.4804030e+00
   1.7410000e+03   8.4807576e+00
   1.7420000e+03   8.4821432e+00
   1.7430000e+03   8.4846190e+00
   1.7440000e+03   8.4882262e+00
   1.7450000e+03   8.4929883e+00
   1.7460000e+03   8.4989129e+00
   1.7470000e+03   8.5059928e+00
   1.7480000e+03   8.5142082e+00
   1.7490000e+03   8.5235282e+00
   1.7500000e+03   8.5339135e+00
   1.7510000e+03   8.5453181e+00
   1.7520000e+03   8.5576917e+00
   1.7530000e+03   8.5709817e+00
   1.7540000e+03   8.5851352e+00
   1.7550000e+03   8.6001008e+00
   1.7560000e+03   8.6158295e+00
   1.7570000e+03   8.6322764e+00
   1.7580000e+03   8.6494010e+00
   1.7590000e+03   8.6671679e+00
   1.7600000e+03   8.6855462e+00
   1.7610000e+03   8.7045095e+00
   1.7620000e+03   8.7240346e+00
   1.7630000e+03   8.7441004e+00
   1.7640000e+03   8.7646864e+00
   1.7650000e+03   8.7857703e+00
   1.7660000e+03   8.8073265e+00
   1.7670000e+03   8.8293234e+00
   1.7680000e+03   8.8517211e+00
   1.7690000e+03   8.8744687e+00
   1.7700000e+03   8.8975027e+00
   1.7710000e+03   8.9207440e+00
   1.7720000e+03   8.9440967e+00
   1.7730000e+03   8.9674459e+00
   1.7740000e+03   8.9906569e+00
   1.7750000e+03   9.0135744e+00
   1.7760000e+03   9.0360223e+00
   1.7770000e+03   9.0578041e+00
   1.7780000e+03   9.0787034e+00
   1.7790000e+03   9.0984864e+00
   1.7800000e+03   9.1169029e+00
   1.7810000e+03   9.1336901e+00
   1.7820000e+03   9.1485752e+00
   1.7830000e+03   9.1612795e+00
   1.7840000e+03   9.1715227e+00
   1.7850000e+03   9.1790273e+00
   1.7860000e+03   9.1835237e+00
   1.7870000e+03   9.1847554e+00
   1.7880000e+03   9.1824838e+00
   1.7890000e+03   9.1764939e+00
   1.7900000e+03   9.1665989e+00
   1.7910000e+03   9.1526449e+00
   1.7920000e+03   9.1345157e+00
   1.7930000e+03   9.1121365e+00
   1.7940000e+03   9.0854772e+00
   1.7950000e+03   9.0545551e+00
   1.7960000e+03   9.0194368e+00
   1.7970000e+03   8.9802397e+00
   1.7980000e+03   8.9371316e+00
   1.7990000e+03   8.8903311e+00
   1.8000000e+03   8.8401051e+00
   1.8010000e+03   8.7867671e+00
   1.8020000e+03   8.7306741e+00
   1.8030000e+03   8.6722219e+00
   1.8040000e+03   8.6118411e+00
   1.8050000e+03   8.5499913e+00
   1.8060000e+03   8.4871552e+00
   1.8070000e+03   8.4238318e+00
   1.8080000e+03   8.3605303e+00
   1.8090000e+03   8.2977621e+00
   1.8100000e+03   8.2360344e+00
   1.8110000e+03   8.1758426e+00
   1.8120000e+03   8.1176632e+00
   1.8130000e+03   8.0619475e+00
   1.8140000e+03   8.0091148e+00
   1.8150000e+03   7.9595467e+00
   1.8160000e+03   7.9135818e+00
   1.8170000e+03   7.8715112e+00
   1.8180000e+03   7.8335749e+00
   1.8190000e+03   7.7999582e+00
   1.8200000e+03   7.7707902e+00
   1.8210000e+03   7.7461424e+00
   1.8220000e+03   7.7260283e+00
   1.8230000e+03   7.7104042e+00
   1.8240000e+03   7.6991702e+00
   1.8250000e+03   7.6921733e+00
   1.8260000e+03   7.6892095e+00
   1.8270000e+03   7.6900285e+00
   1.8280000e+03   7.6943378e+00
   1.8290000e+03   7.7018075e+00
   1.8300000e+03   7.7120761e+00
   1.8310000e+03   7.7247567e+00
   1.8320000e+03   7.7394423e+00
   1.8330000e+03   7.7557132e+00
   1.8340000e+03   7.7731426e+00
   1.8350000e+03   7.7913035e+00
   1.8360000e+03   7.8097750e+00
   1.8370000e+03   7.8281484e+00
   1.8380000e+03   7.8460326e+00
   1.8390000e+03   7.8630605e+00
   1.8400000e+03   7.8788932e+00
   1.8410000e+03   7.8932247e+00
   1.8420000e+03   7.9057863e+00
   1.8430000e+03   7.9163495e+00
   1.8440000e+03   7.9247290e+00
   1.8450000e+03   7.9307845e+00
   1.8460000e+03   7.9344226e+00
   1.8470000e+03   7.9355967e+00
   1.8480000e+03   7.9343077e+00
   1.8490000e+03   7.9306030e+00
   1.8500000e+03   7.9245751e+00
